27/02/2026 08:00:00	122,80	122,64	122,76	122,65	13923
27/02/2026 09:00:00	122,65	122,57	122,65	122,59	31049
27/02/2026 10:00:00	122,66	122,59	122,60	122,60	34280
27/02/2026 11:00:00	122,67	122,59	122,60	122,66	24106
27/02/2026 12:00:00	122,67	122,63	122,65	122,64	22508
27/02/2026 13:00:00	122,67	122,63	122,64	122,66	15979
27/02/2026 14:00:00	122,69	122,59	122,65	122,63	33089
27/02/2026 15:00:00	122,70	122,61	122,62	122,68	38967
27/02/2026 16:00:00	122,76	122,66	122,67	122,75	36439
27/02/2026 17:00:00	122,96	122,75	122,75	122,94	74205
27/02/2026 18:00:00	122,95	122,90	122,94	122,91	8731
27/02/2026 19:00:00	122,91	122,91	122,91	122,91	10
02/03/2026 08:00:00	122,87	122,63	122,81	122,64	32045
02/03/2026 09:00:00	122,68	122,50	122,64	122,61	65863
02/03/2026 10:00:00	122,65	122,55	122,62	122,55	40457
02/03/2026 11:00:00	122,69	122,54	122,55	122,67	31156
02/03/2026 12:00:00	122,71	122,51	122,66	122,51	27916
02/03/2026 13:00:00	122,52	122,18	122,52	122,23	49684
02/03/2026 14:00:00	122,26	122,06	122,23	122,18	53486
02/03/2026 15:00:00	122,29	122,17	122,18	122,27	44960
02/03/2026 16:00:00	122,28	122,15	122,26	122,19	44231
02/03/2026 17:00:00	122,25	122,07	122,20	122,17	38431
02/03/2026 18:00:00	122,22	122,15	122,17	122,21	8362
02/03/2026 19:00:00	122,20	122,19	122,19	122,19	5
03/03/2026 08:00:00	121,90	121,50	121,84	121,58	32131
03/03/2026 09:00:00	121,62	121,24	121,57	121,41	82577
03/03/2026 10:00:00	121,40	121,05	121,40	121,12	76780
03/03/2026 11:00:00	121,17	120,84	121,11	120,93	111473
03/03/2026 12:00:00	121,10	120,76	120,93	121,02	73166
03/03/2026 13:00:00	121,27	120,92	121,01	121,11	64110
03/03/2026 14:00:00	121,14	120,89	121,11	120,95	64137
03/03/2026 15:00:00	121,00	120,70	120,94	120,81	70504
03/03/2026 16:00:00	120,99	120,76	120,80	120,87	67999
03/03/2026 17:00:00	121,30	120,82	120,87	121,28	61917
03/03/2026 18:00:00	121,31	121,09	121,27	121,14	8295
03/03/2026 19:00:00	121,12	121,12	121,12	121,12	1
04/03/2026 08:00:00	121,02	120,54	120,79	121,00	22662
04/03/2026 09:00:00	121,05	120,74	121,00	120,91	70350
04/03/2026 10:00:00	121,19	120,87	120,91	121,09	66865
04/03/2026 11:00:00	121,60	121,04	121,09	121,38	72741
04/03/2026 12:00:00	121,53	121,26	121,38	121,32	39430
04/03/2026 13:00:00	121,42	121,25	121,33	121,32	23320
04/03/2026 14:00:00	121,51	121,29	121,32	121,36	39819
04/03/2026 15:00:00	121,43	121,25	121,35	121,31	41263
04/03/2026 16:00:00	121,40	121,28	121,31	121,39	27442
04/03/2026 17:00:00	121,59	121,39	121,39	121,50	21590
04/03/2026 18:00:00	121,53	121,42	121,50	121,44	3435
04/03/2026 19:00:00	121,44	121,44	121,44	121,44	1
05/03/2026 08:00:00	121,21	120,99	121,15	121,02	1531
05/03/2026 09:00:00	121,02	120,85	121,01	120,97	2504
05/03/2026 10:00:00	121,52	120,98	120,98	121,12	3284
05/03/2026 11:00:00	121,15	120,99	121,13	121,01	740
05/03/2026 12:00:00	121,06	120,82	121,01	120,84	1158
05/03/2026 13:00:00	120,99	120,65	120,83	120,69	1078
05/03/2026 14:00:00	120,74	120,63	120,69	120,72	431
05/03/2026 15:00:00	120,71	120,46	120,68	120,59	616
05/03/2026 16:00:00	120,68	120,40	120,62	120,60	321
05/03/2026 17:00:00	120,59	120,20	120,59	120,28	376
05/03/2026 18:00:00	120,32	120,23	120,28	120,23	52
06/03/2026 08:00:00	119,57	119,30	119,40	119,43	23973
06/03/2026 09:00:00	119,46	119,19	119,44	119,26	74865
06/03/2026 10:00:00	119,32	118,89	119,26	119,01	99122
06/03/2026 11:00:00	119,21	119,01	119,02	119,12	66174
06/03/2026 12:00:00	119,12	118,86	119,12	118,93	78435
06/03/2026 13:00:00	118,93	118,73	118,92	118,79	62193
06/03/2026 14:00:00	119,13	118,49	118,80	118,51	85528
06/03/2026 15:00:00	118,63	118,27	118,51	118,42	107186
06/03/2026 16:00:00	118,85	118,40	118,41	118,70	90113
06/03/2026 17:00:00	118,93	118,55	118,69	118,81	49132
06/03/2026 18:00:00	118,88	118,65	118,81	118,81	11645
09/03/2026 08:00:00	117,84	117,42	117,62	117,46	52890
09/03/2026 09:00:00	118,09	117,44	117,46	117,94	91617
09/03/2026 10:00:00	118,32	117,90	117,94	118,14	93890
09/03/2026 11:00:00	118,17	117,88	118,14	118,02	54988
09/03/2026 12:00:00	118,18	117,99	118,02	118,03	50695
09/03/2026 13:00:00	118,22	117,96	118,03	118,05	51234
09/03/2026 14:00:00	118,49	118,06	118,06	118,37	84252
09/03/2026 15:00:00	118,58	118,11	118,37	118,55	86669
09/03/2026 16:00:00	118,85	118,55	118,55	118,81	73999
09/03/2026 17:00:00	118,97	118,65	118,81	118,87	53579
09/03/2026 18:00:00	118,87	118,69	118,87	118,76	11263
09/03/2026 19:00:00	118,77	118,77	118,77	118,77	2
10/03/2026 08:00:00	119,93	119,30	119,35	119,93	54465
10/03/2026 09:00:00	119,93	119,41	119,93	119,51	100260
10/03/2026 10:00:00	119,73	119,47	119,51	119,49	63319
10/03/2026 11:00:00	119,52	119,15	119,50	119,35	64502
10/03/2026 12:00:00	119,60	119,24	119,36	119,29	65822
10/03/2026 13:00:00	119,39	119,11	119,29	119,37	53169
10/03/2026 14:00:00	119,55	119,33	119,37	119,33	55516
10/03/2026 15:00:00	119,75	119,28	119,34	119,71	51005
10/03/2026 16:00:00	119,82	119,68	119,72	119,78	40476
10/03/2026 17:00:00	119,79	119,58	119,78	119,67	39582
10/03/2026 18:00:00	120,02	119,63	119,66	119,80	16926
10/03/2026 19:00:00	119,80	119,80	119,80	119,80	1
11/03/2026 08:00:00	119,49	118,96	119,49	119,21	32990
11/03/2026 09:00:00	119,27	118,87	119,21	118,89	68545
11/03/2026 10:00:00	118,89	118,64	118,89	118,67	48655
11/03/2026 11:00:00	119,02	118,66	118,67	118,97	59398
11/03/2026 12:00:00	119,09	118,75	118,98	118,80	56253
11/03/2026 13:00:00	118,82	118,45	118,79	118,56	51280
11/03/2026 14:00:00	118,79	118,55	118,56	118,76	57399
11/03/2026 15:00:00	119,00	118,56	118,76	118,64	73086
11/03/2026 16:00:00	118,66	118,39	118,63	118,44	47434
11/03/2026 17:00:00	118,55	118,33	118,44	118,39	48959
11/03/2026 18:00:00	118,43	118,26	118,39	118,40	11775
12/03/2026 08:00:00	118,23	117,98	118,08	118,20	30864
12/03/2026 09:00:00	118,37	118,12	118,19	118,17	48242
12/03/2026 10:00:00	118,45	118,14	118,17	118,29	66860
12/03/2026 11:00:00	118,35	118,18	118,29	118,26	56035
12/03/2026 12:00:00	118,40	118,19	118,25	118,20	37634
12/03/2026 13:00:00	118,22	118,02	118,20	118,07	36962
12/03/2026 14:00:00	118,13	117,78	118,08	117,90	77536
12/03/2026 15:00:00	118,00	117,72	117,90	117,77	65895
12/03/2026 16:00:00	117,93	117,51	117,77	117,88	89297
12/03/2026 17:00:00	117,95	117,64	117,88	117,69	51603
12/03/2026 18:00:00	117,83	117,62	117,69	117,65	8057
12/03/2026 19:00:00	117,64	117,64	117,64	117,64	2
13/03/2026 08:00:00	117,47	117,16	117,43	117,24	25253
13/03/2026 09:00:00	117,50	117,18	117,23	117,49	60458
13/03/2026 10:00:00	117,58	117,39	117,49	117,43	49306
13/03/2026 11:00:00	117,73	117,43	117,44	117,70	47586
13/03/2026 12:00:00	117,81	117,61	117,70	117,80	49974
13/03/2026 13:00:00	118,04	117,69	117,79	117,88	57513
13/03/2026 14:00:00	118,02	117,76	117,88	117,92	46506
13/03/2026 15:00:00	117,94	117,60	117,91	117,61	46680
13/03/2026 16:00:00	117,62	117,37	117,61	117,38	50825
13/03/2026 17:00:00	117,46	117,30	117,38	117,35	41696
13/03/2026 18:00:00	117,36	117,27	117,35	117,27	10253
16/03/2026 08:00:00	117,55	117,39	117,52	117,52	10819
16/03/2026 09:00:00	117,59	117,36	117,52	117,47	31174
16/03/2026 10:00:00	117,57	117,39	117,48	117,50	22790
16/03/2026 11:00:00	117,74	117,47	117,50	117,74	38327
16/03/2026 12:00:00	117,90	117,68	117,73	117,90	29742
16/03/2026 13:00:00	118,05	117,88	117,89	117,96	32418
16/03/2026 14:00:00	118,27	117,95	117,96	118,25	39532
16/03/2026 15:00:00	118,34	118,10	118,25	118,18	44460
16/03/2026 16:00:00	118,20	118,00	118,18	118,03	28854
16/03/2026 17:00:00	118,05	117,88	118,02	117,92	38124
16/03/2026 18:00:00	118,06	117,92	117,93	118,00	12511
17/03/2026 08:00:00	117,99	117,75	117,79	117,95	11391
17/03/2026 09:00:00	118,26	117,94	117,96	118,18	42492
17/03/2026 10:00:00	118,32	118,12	118,19	118,31	35583
17/03/2026 11:00:00	118,41	118,18	118,32	118,23	36233
17/03/2026 12:00:00	118,37	118,21	118,24	118,34	24590
17/03/2026 13:00:00	118,51	118,32	118,33	118,44	44276
17/03/2026 14:00:00	118,62	118,45	118,45	118,55	52092
17/03/2026 15:00:00	118,58	118,45	118,54	118,51	35058
17/03/2026 16:00:00	118,53	118,29	118,51	118,37	44588
17/03/2026 17:00:00	118,57	118,29	118,37	118,54	33432
17/03/2026 18:00:00	118,56	118,47	118,54	118,49	4414
18/03/2026 08:00:00	118,87	118,72	118,76	118,81	15510
18/03/2026 09:00:00	118,84	118,67	118,80	118,82	33304
18/03/2026 10:00:00	118,88	118,75	118,81	118,84	24879
18/03/2026 11:00:00	118,89	118,78	118,83	118,81	29295
18/03/2026 12:00:00	118,81	118,47	118,81	118,57	55703
18/03/2026 13:00:00	118,57	117,97	118,57	117,99	78960
18/03/2026 14:00:00	118,11	117,84	118,00	117,88	78366
18/03/2026 15:00:00	117,96	117,66	117,89	117,82	49903
18/03/2026 16:00:00	117,99	117,75	117,83	117,82	52763
18/03/2026 17:00:00	117,94	117,77	117,82	117,91	28947
18/03/2026 18:00:00	118,00	117,83	117,91	117,96	7025
19/03/2026 08:00:00	117,47	117,18	117,28	117,23	23663
19/03/2026 09:00:00	117,40	117,15	117,23	117,27	60199
19/03/2026 10:00:00	117,44	117,06	117,28	117,31	110436
19/03/2026 11:00:00	117,34	117,09	117,30	117,12	47336
19/03/2026 12:00:00	117,20	116,98	117,12	117,02	41846
19/03/2026 13:00:00	117,04	116,71	117,02	116,92	79259
19/03/2026 14:00:00	117,36	116,74	116,92	117,32	80197
19/03/2026 15:00:00	117,56	117,16	117,32	117,46	73798
19/03/2026 16:00:00	117,66	117,31	117,45	117,52	65952
19/03/2026 17:00:00	117,61	117,28	117,52	117,45	63297
19/03/2026 18:00:00	117,49	117,32	117,45	117,46	14314
20/03/2026 08:00:00	117,80	117,34	117,47	117,77	14005
20/03/2026 09:00:00	117,82	117,61	117,78	117,64	40285
20/03/2026 10:00:00	117,67	116,82	117,65	116,94	64963
20/03/2026 11:00:00	116,94	116,68	116,93	116,82	69467
20/03/2026 12:00:00	117,01	116,82	116,82	116,98	50858
20/03/2026 13:00:00	117,10	116,90	116,98	116,98	47020
20/03/2026 14:00:00	117,05	116,36	116,99	116,36	63710
20/03/2026 15:00:00	116,45	115,95	116,36	116,01	76299
20/03/2026 16:00:00	116,14	115,93	116,01	116,11	65099
20/03/2026 17:00:00	116,24	115,81	116,11	115,88	45231
20/03/2026 18:00:00	115,93	115,78	115,88	115,89	13397
23/03/2026 08:00:00	115,49	115,13	115,41	115,25	34844
23/03/2026 09:00:00	115,54	115,22	115,24	115,32	95771
23/03/2026 10:00:00	115,36	114,72	115,31	114,85	83759
23/03/2026 11:00:00	114,92	114,55	114,86	114,64	71454
23/03/2026 12:00:00	117,44	114,61	114,64	115,78	201905
23/03/2026 13:00:00	116,81	115,64	115,77	116,64	104021
23/03/2026 14:00:00	117,00	116,35	116,64	116,94	96749
23/03/2026 15:00:00	117,23	116,81	116,93	117,02	88644
23/03/2026 16:00:00	117,53	116,38	117,01	116,40	100826
23/03/2026 17:00:00	116,68	116,26	116,41	116,59	61702
23/03/2026 18:00:00	116,90	116,48	116,59	116,86	11837
24/03/2026 08:00:00	116,71	116,23	116,40	116,67	28716
24/03/2026 09:00:00	116,84	116,31	116,67	116,42	55012
24/03/2026 10:00:00	116,45	115,96	116,42	116,11	60814
24/03/2026 11:00:00	116,44	116,01	116,12	116,44	45276
24/03/2026 12:00:00	116,66	116,36	116,44	116,59	46078
24/03/2026 13:00:00	116,64	115,97	116,59	115,99	47400
24/03/2026 14:00:00	116,12	115,63	115,99	115,83	65907
24/03/2026 15:00:00	116,45	115,82	115,83	116,15	81443
24/03/2026 16:00:00	116,35	116,02	116,16	116,02	44078
24/03/2026 17:00:00	116,20	115,92	116,01	115,95	33068
24/03/2026 18:00:00	115,94	115,41	115,94	115,74	23293
25/03/2026 08:00:00	116,70	116,36	116,61	116,61	26646
25/03/2026 09:00:00	117,08	116,56	116,62	116,93	80985
25/03/2026 10:00:00	117,04	116,66	116,93	116,79	74201
25/03/2026 11:00:00	116,94	116,64	116,79	116,91	42981
25/03/2026 12:00:00	117,13	116,89	116,91	117,13	37957
25/03/2026 13:00:00	117,16	116,64	117,13	116,93	63796
25/03/2026 14:00:00	117,13	116,75	116,95	116,77	49403
25/03/2026 15:00:00	117,03	116,67	116,77	116,92	62163
25/03/2026 16:00:00	117,02	116,59	116,93	116,89	45267
25/03/2026 17:00:00	117,05	116,83	116,89	116,94	33489
25/03/2026 18:00:00	117,03	116,80	116,95	116,91	14499
26/03/2026 08:00:00	116,45	116,24	116,45	116,32	16052
26/03/2026 09:00:00	116,35	116,04	116,32	116,06	43368
26/03/2026 10:00:00	116,15	115,91	116,07	116,00	37940
26/03/2026 11:00:00	116,14	115,93	116,00	115,96	47018
26/03/2026 12:00:00	116,08	115,66	115,96	115,66	35791
26/03/2026 13:00:00	115,80	115,57	115,67	115,66	45479
26/03/2026 14:00:00	116,04	115,65	115,66	115,94	58083
26/03/2026 15:00:00	116,03	115,66	115,94	115,82	55795
26/03/2026 16:00:00	115,89	115,56	115,83	115,64	52444
26/03/2026 17:00:00	115,72	115,33	115,64	115,35	42065
26/03/2026 18:00:00	115,45	115,18	115,36	115,21	7586
27/03/2026 08:00:00	115,35	115,08	115,10	115,12	15977
27/03/2026 09:00:00	115,23	114,68	115,12	114,69	57211
27/03/2026 10:00:00	114,77	114,54	114,70	114,55	69172
27/03/2026 11:00:00	114,67	114,36	114,55	114,36	65325
27/03/2026 12:00:00	114,65	114,32	114,36	114,51	53908
27/03/2026 13:00:00	114,71	114,51	114,52	114,62	42787
27/03/2026 14:00:00	114,76	114,48	114,63	114,64	43668
27/03/2026 15:00:00	114,89	114,63	114,64	114,87	52353
27/03/2026 16:00:00	115,16	114,84	114,88	114,94	64791
27/03/2026 17:00:00	115,12	114,83	114,94	115,08	47495
27/03/2026 18:00:00	115,11	114,85	115,07	114,90	9071
30/03/2026 08:00:00	115,38	115,12	115,12	115,19	14524
30/03/2026 09:00:00	115,32	115,07	115,18	115,29	29702
30/03/2026 10:00:00	115,44	115,21	115,29	115,33	33969
30/03/2026 11:00:00	115,35	114,98	115,34	115,04	31938
30/03/2026 12:00:00	115,28	114,99	115,04	115,28	25809
30/03/2026 13:00:00	115,61	115,21	115,29	115,36	48909
30/03/2026 14:00:00	115,62	115,33	115,36	115,59	28939
30/03/2026 15:00:00	115,70	115,50	115,59	115,55	34623
30/03/2026 16:00:00	115,72	115,51	115,55	115,71	33955
30/03/2026 17:00:00	115,79	115,60	115,72	115,66	34889
30/03/2026 18:00:00	115,67	115,52	115,66	115,58	7793
31/03/2026 08:00:00	115,93	115,65	115,86	115,71	11874
31/03/2026 09:00:00	116,10	115,52	115,71	116,09	38869
31/03/2026 10:00:00	116,11	115,70	116,09	115,74	47515
31/03/2026 11:00:00	115,84	115,71	115,74	115,76	27037
31/03/2026 12:00:00	115,79	115,49	115,75	115,68	25384
31/03/2026 13:00:00	115,92	115,54	115,68	115,86	49965
31/03/2026 14:00:00	116,27	115,81	115,86	116,19	66290
31/03/2026 15:00:00	116,41	116,07	116,19	116,34	60950
31/03/2026 16:00:00	116,38	116,08	116,36	116,22	57150
31/03/2026 17:00:00	116,47	116,19	116,22	116,34	73175
31/03/2026 18:00:00	117,23	116,26	116,34	116,97	26972
31/03/2026 19:00:00	116,97	116,96	116,97	116,96	11
01/04/2026 08:00:00	117,75	117,31	117,39	117,72	38116
01/04/2026 09:00:00	117,74	117,11	117,72	117,12	64023
01/04/2026 10:00:00	117,30	117,06	117,11	117,20	39388
01/04/2026 11:00:00	117,25	117,03	117,20	117,06	37307
01/04/2026 12:00:00	117,20	116,96	117,06	117,18	31951
01/04/2026 13:00:00	117,33	117,15	117,19	117,25	28846
01/04/2026 14:00:00	117,28	116,84	117,25	116,88	60274
01/04/2026 15:00:00	116,98	116,75	116,88	116,80	50438
01/04/2026 16:00:00	116,83	116,62	116,79	116,82	49115
01/04/2026 17:00:00	117,08	116,78	116,82	117,05	36540
01/04/2026 18:00:00	117,09	116,89	117,06	117,06	9209
02/04/2026 08:00:00	116,35	116,09	116,12	116,22	18858
02/04/2026 09:00:00	116,53	116,14	116,22	116,49	32910
02/04/2026 10:00:00	116,52	116,32	116,49	116,38	32610
02/04/2026 11:00:00	116,46	116,29	116,38	116,45	20019
02/04/2026 12:00:00	116,48	116,18	116,45	116,19	21395
02/04/2026 13:00:00	116,26	115,88	116,19	115,94	35107
02/04/2026 14:00:00	116,02	115,85	115,95	115,87	28915
02/04/2026 15:00:00	116,44	115,84	115,87	116,42	35098
02/04/2026 16:00:00	116,97	116,39	116,43	116,78	71543
02/04/2026 17:00:00	116,95	116,69	116,78	116,90	37643
02/04/2026 18:00:00	116,92	116,71	116,90	116,71	8175
07/04/2026 08:00:00	116,58	116,40	116,51	116,58	9519
07/04/2026 09:00:00	116,62	116,41	116,58	116,49	20415
07/04/2026 10:00:00	116,93	116,49	116,49	116,82	43271
07/04/2026 11:00:00	116,99	116,78	116,82	116,93	28171
07/04/2026 12:00:00	116,98	116,44	116,93	116,49	60133
07/04/2026 13:00:00	116,53	116,37	116,50	116,38	29565
07/04/2026 14:00:00	116,51	116,20	116,39	116,29	42047
07/04/2026 15:00:00	116,42	116,06	116,29	116,09	30286
07/04/2026 16:00:00	116,10	115,74	116,09	115,74	52102
07/04/2026 17:00:00	115,96	115,58	115,73	115,90	51862
07/04/2026 18:00:00	116,09	115,88	115,91	116,00	13473
08/04/2026 08:00:00	118,96	118,24	118,26	118,28	76215
08/04/2026 09:00:00	118,52	118,14	118,28	118,30	78415
08/04/2026 10:00:00	118,43	118,16	118,29	118,33	56998
08/04/2026 11:00:00	118,37	117,89	118,32	118,02	46094
08/04/2026 12:00:00	118,36	117,99	118,02	118,27	23585
08/04/2026 13:00:00	118,60	118,20	118,27	118,55	43884
08/04/2026 14:00:00	118,66	118,28	118,56	118,58	56459
08/04/2026 15:00:00	118,70	118,27	118,57	118,29	54164
08/04/2026 16:00:00	118,43	118,00	118,28	118,13	62614
08/04/2026 17:00:00	118,29	118,12	118,14	118,19	35350
08/04/2026 18:00:00	118,27	118,09	118,18	118,19	9986
09/04/2026 08:00:00	118,00	117,76	117,99	117,86	10279
09/04/2026 09:00:00	117,88	117,57	117,86	117,67	34427
09/04/2026 10:00:00	117,69	117,44	117,68	117,52	48755
09/04/2026 11:00:00	117,68	117,49	117,52	117,66	27742
09/04/2026 12:00:00	117,72	117,58	117,67	117,59	16379
09/04/2026 13:00:00	117,76	117,57	117,59	117,71	18884
09/04/2026 14:00:00	117,75	117,39	117,71	117,41	41250
09/04/2026 15:00:00	117,56	117,26	117,41	117,29	35784
09/04/2026 16:00:00	117,34	117,15	117,29	117,21	31751
09/04/2026 17:00:00	117,97	117,13	117,21	117,93	57892
09/04/2026 18:00:00	118,03	117,90	117,93	117,98	9880
10/04/2026 08:00:00	117,67	117,52	117,58	117,66	7393
10/04/2026 09:00:00	117,69	117,36	117,66	117,40	22586
10/04/2026 10:00:00	117,47	117,11	117,40	117,12	49682
10/04/2026 11:00:00	117,43	117,11	117,13	117,32	48717
10/04/2026 12:00:00	117,41	117,22	117,32	117,37	17647
10/04/2026 13:00:00	117,41	117,25	117,37	117,33	12695
10/04/2026 14:00:00	117,50	117,23	117,34	117,25	21121
10/04/2026 15:00:00	117,32	117,09	117,25	117,18	21404
10/04/2026 16:00:00	117,31	117,13	117,18	117,24	24058
10/04/2026 17:00:00	117,32	117,01	117,24	117,03	27418
10/04/2026 18:00:00	117,07	116,96	117,04	117,04	6866
10/04/2026 19:00:00	117,03	117,03	117,03	117,03	3
13/04/2026 08:00:00	116,82	116,62	116,67	116,76	14078
13/04/2026 09:00:00	117,06	116,74	116,77	117,03	24273
13/04/2026 10:00:00	117,15	116,84	117,02	116,87	32556
13/04/2026 11:00:00	116,98	116,83	116,88	116,92	19885
13/04/2026 12:00:00	116,93	116,80	116,92	116,86	13779
13/04/2026 13:00:00	116,92	116,51	116,86	116,52	27380
13/04/2026 14:00:00	116,84	116,48	116,52	116,79	25624
13/04/2026 15:00:00	117,22	116,76	116,79	116,98	49390
13/04/2026 16:00:00	117,01	116,69	116,98	116,74	31262
13/04/2026 17:00:00	116,78	116,59	116,74	116,63	22617
13/04/2026 18:00:00	117,10	116,60	116,64	117,00	15729
14/04/2026 08:00:00	117,28	117,12	117,22	117,22	8755
14/04/2026 09:00:00	117,43	117,18	117,23	117,31	37473
14/04/2026 10:00:00	117,33	117,17	117,31	117,19	31902
14/04/2026 11:00:00	117,24	117,09	117,20	117,14	23631
14/04/2026 12:00:00	117,28	117,08	117,14	117,09	23492
14/04/2026 13:00:00	117,19	116,91	117,08	117,17	64989
14/04/2026 14:00:00	117,25	117,05	117,17	117,10	33093
14/04/2026 15:00:00	117,20	117,05	117,09	117,18	24330
14/04/2026 16:00:00	117,57	117,18	117,18	117,52	47226
14/04/2026 17:00:00	117,59	117,45	117,51	117,56	27211
14/04/2026 18:00:00	117,64	117,55	117,56	117,59	5928
15/04/2026 08:00:00	117,85	117,65	117,76	117,79	10218
15/04/2026 09:00:00	117,86	117,50	117,80	117,52	35697
15/04/2026 10:00:00	117,65	117,50	117,51	117,65	30626
15/04/2026 11:00:00	117,68	117,38	117,66	117,44	47040
15/04/2026 12:00:00	117,57	117,36	117,46	117,48	42945
15/04/2026 13:00:00	117,49	117,17	117,48	117,30	123165
15/04/2026 14:00:00	117,41	117,19	117,29	117,39	39510
15/04/2026 15:00:00	117,53	117,37	117,39	117,45	37396
15/04/2026 16:00:00	117,53	117,35	117,46	117,39	32762
15/04/2026 17:00:00	117,42	117,27	117,39	117,27	32520
15/04/2026 18:00:00	117,32	117,23	117,26	117,25	6242
16/04/2026 08:00:00	117,79	117,48	117,50	117,78	10640
16/04/2026 09:00:00	117,79	117,61	117,79	117,63	28693
16/04/2026 10:00:00	117,65	117,49	117,63	117,51	33819
16/04/2026 11:00:00	117,56	117,45	117,50	117,49	21557
16/04/2026 12:00:00	117,64	117,47	117,49	117,64	32216
16/04/2026 13:00:00	117,80	117,62	117,64	117,78	18430
16/04/2026 14:00:00	117,78	117,58	117,78	117,63	26269
16/04/2026 15:00:00	117,67	117,27	117,64	117,39	32997
16/04/2026 16:00:00	117,54	117,28	117,39	117,36	43301
16/04/2026 17:00:00	117,53	117,24	117,36	117,40	32462
16/04/2026 18:00:00	117,42	117,18	117,41	117,27	5155
16/04/2026 19:00:00	117,28	117,28	117,28	117,28	1
17/04/2026 08:00:00	117,31	117,14	117,27	117,25	5257
17/04/2026 09:00:00	117,46	117,22	117,25	117,45	12411
17/04/2026 10:00:00	117,53	117,39	117,44	117,53	19859
17/04/2026 11:00:00	117,58	117,46	117,53	117,56	13272
17/04/2026 12:00:00	117,55	117,45	117,55	117,54	25153
17/04/2026 13:00:00	117,56	117,42	117,54	117,52	18476
17/04/2026 14:00:00	118,49	117,49	117,52	118,45	80726
17/04/2026 15:00:00	118,62	118,33	118,46	118,49	102740
17/04/2026 16:00:00	118,82	118,41	118,49	118,67	66339
17/04/2026 17:00:00	118,67	118,43	118,67	118,49	52642
17/04/2026 18:00:00	118,67	118,46	118,49	118,63	7354
20/04/2026 08:00:00	118,11	117,93	118,03	118,02	11539
20/04/2026 09:00:00	118,11	117,85	118,03	117,91	38363
20/04/2026 10:00:00	117,97	117,81	117,91	117,97	25915
20/04/2026 11:00:00	118,09	117,96	117,97	118,00	27543
20/04/2026 12:00:00	118,15	117,93	118,01	117,98	23027
20/04/2026 13:00:00	118,20	117,86	117,98	118,12	18936
20/04/2026 14:00:00	118,22	118,04	118,12	118,13	21301
20/04/2026 15:00:00	118,33	118,06	118,13	118,21	55649
20/04/2026 16:00:00	118,22	117,91	118,21	118,07	42794
20/04/2026 17:00:00	118,21	118,00	118,08	118,11	27395
20/04/2026 18:00:00	118,16	118,03	118,12	118,14	3816
21/04/2026 08:00:00	118,39	118,23	118,33	118,37	5529
21/04/2026 09:00:00	118,43	118,19	118,36	118,25	20098
21/04/2026 10:00:00	118,39	118,13	118,25	118,29	24257
21/04/2026 11:00:00	118,35	118,15	118,29	118,21	39599
21/04/2026 12:00:00	118,30	118,16	118,21	118,27	19091
21/04/2026 13:00:00	118,29	118,09	118,28	118,21	20863
21/04/2026 14:00:00	118,23	118,04	118,22	118,10	29477
21/04/2026 15:00:00	118,18	117,99	118,10	118,12	19314
21/04/2026 16:00:00	118,12	117,65	118,12	117,68	32725
21/04/2026 17:00:00	117,87	117,59	117,67	117,66	45180
21/04/2026 18:00:00	117,76	117,54	117,67	117,58	7811
22/04/2026 08:00:00	117,99	117,74	117,75	117,98	9611
22/04/2026 09:00:00	118,02	117,84	117,98	117,90	20559
22/04/2026 10:00:00	117,93	117,65	117,90	117,83	25456
22/04/2026 11:00:00	117,96	117,78	117,82	117,90	21695
22/04/2026 12:00:00	117,96	117,77	117,91	117,86	22596
22/04/2026 13:00:00	117,92	117,76	117,86	117,86	36383
22/04/2026 14:00:00	117,95	117,65	117,85	117,66	40129
22/04/2026 15:00:00	117,84	117,65	117,66	117,78	37699
22/04/2026 16:00:00	117,85	117,60	117,78	117,67	34106
22/04/2026 17:00:00	117,74	117,57	117,66	117,59	24424
22/04/2026 18:00:00	117,63	117,38	117,60	117,40	7029
23/04/2026 08:00:00	117,28	117,10	117,11	117,24	8445
23/04/2026 09:00:00	117,52	117,21	117,23	117,47	22895
23/04/2026 10:00:00	117,47	117,28	117,47	117,31	25537
23/04/2026 11:00:00	117,34	117,12	117,30	117,24	32453
23/04/2026 12:00:00	117,40	117,19	117,24	117,39	23598
23/04/2026 13:00:00	117,50	117,24	117,38	117,45	25118
23/04/2026 14:00:00	117,69	117,38	117,45	117,56	43689
23/04/2026 15:00:00	117,65	117,48	117,57	117,50	31063
23/04/2026 16:00:00	117,61	117,42	117,50	117,57	24638
23/04/2026 17:00:00	117,64	117,39	117,57	117,50	24662
23/04/2026 18:00:00	117,54	117,44	117,50	117,49	6249
24/04/2026 08:00:00	117,21	117,04	117,08	117,18	8870
24/04/2026 09:00:00	117,32	117,13	117,18	117,27	18734
24/04/2026 10:00:00	117,28	116,94	117,26	117,05	45317
24/04/2026 11:00:00	117,17	117,03	117,05	117,10	32172
24/04/2026 12:00:00	117,21	117,08	117,09	117,16	15695
24/04/2026 13:00:00	117,59	117,16	117,16	117,48	71937
24/04/2026 14:00:00	117,52	117,23	117,48	117,40	40956
24/04/2026 15:00:00	117,48	117,16	117,40	117,37	26272
24/04/2026 16:00:00	117,58	117,32	117,36	117,56	31835
24/04/2026 17:00:00	117,80	117,42	117,55	117,66	33046
24/04/2026 18:00:00	117,69	117,55	117,66	117,61	4520
24/04/2026 19:00:00	117,60	117,60	117,60	117,60	2
27/04/2026 08:00:00	117,45	117,30	117,33	117,40	5330
27/04/2026 09:00:00	117,50	117,32	117,40	117,36	17260
27/04/2026 10:00:00	117,52	117,31	117,35	117,46	27004
27/04/2026 11:00:00	117,50	117,36	117,45	117,41	19438
27/04/2026 12:00:00	117,59	117,33	117,41	117,56	23083
27/04/2026 13:00:00	117,60	117,45	117,56	117,50	20590
27/04/2026 14:00:00	117,54	117,26	117,51	117,28	28017
27/04/2026 15:00:00	117,34	117,19	117,29	117,32	30845
27/04/2026 16:00:00	117,36	117,26	117,31	117,26	19158
27/04/2026 17:00:00	117,26	117,10	117,26	117,22	30221
27/04/2026 18:00:00	117,25	117,17	117,22	117,18	2648
28/04/2026 08:00:00	117,05	116,92	116,93	116,96	6014
28/04/2026 09:00:00	117,03	116,85	116,96	116,95	32143
28/04/2026 10:00:00	116,95	116,44	116,95	116,85	59036
28/04/2026 11:00:00	116,84	116,71	116,84	116,79	33765
28/04/2026 12:00:00	116,93	116,74	116,79	116,82	19868
28/04/2026 13:00:00	116,83	116,43	116,81	116,53	50621
28/04/2026 14:00:00	116,77	116,46	116,53	116,72	48177
28/04/2026 15:00:00	116,90	116,66	116,72	116,79	37852
28/04/2026 16:00:00	116,85	116,64	116,79	116,85	38766
28/04/2026 17:00:00	116,95	116,68	116,85	116,73	33281
28/04/2026 18:00:00	116,80	116,70	116,74	116,75	5056
29/04/2026 08:00:00	116,91	116,77	116,83	116,81	7252
29/04/2026 09:00:00	116,87	116,53	116,82	116,57	25962
29/04/2026 10:00:00	116,73	116,41	116,58	116,44	57337
29/04/2026 11:00:00	116,58	116,32	116,44	116,35	44415
29/04/2026 12:00:00	116,66	116,31	116,34	116,64	33590
29/04/2026 13:00:00	116,70	116,57	116,64	116,59	23376
29/04/2026 14:00:00	116,64	116,51	116,59	116,60	21418
29/04/2026 15:00:00	116,67	116,19	116,60	116,34	57791
29/04/2026 16:00:00	116,48	116,32	116,34	116,34	35278
29/04/2026 17:00:00	116,36	116,04	116,34	116,15	40683
29/04/2026 18:00:00	116,23	116,08	116,15	116,13	11322
30/04/2026 08:00:00	116,08	115,84	115,86	116,01	9794
30/04/2026 09:00:00	116,27	115,96	116,01	116,20	30965
30/04/2026 10:00:00	116,28	116,13	116,19	116,15	34423
30/04/2026 11:00:00	116,46	116,14	116,15	116,43	32569
30/04/2026 12:00:00	116,56	116,41	116,42	116,55	28315
30/04/2026 13:00:00	116,76	116,54	116,56	116,71	27768
30/04/2026 14:00:00	116,94	116,63	116,71	116,81	35030
30/04/2026 15:00:00	116,99	116,76	116,81	116,88	46202
30/04/2026 16:00:00	117,07	116,81	116,88	116,94	49863
30/04/2026 17:00:00	117,09	116,92	116,94	116,99	51557
30/04/2026 18:00:00	117,04	116,94	116,98	116,99	5461
04/05/2026 08:00:00	117,21	116,85	117,17	116,87	7505
04/05/2026 09:00:00	116,93	116,76	116,87	116,87	20935
04/05/2026 10:00:00	116,91	116,78	116,87	116,79	17075
04/05/2026 11:00:00	116,84	116,75	116,78	116,80	12267
04/05/2026 12:00:00	116,83	116,28	116,80	116,58	61201
04/05/2026 13:00:00	116,76	116,54	116,59	116,74	23754
04/05/2026 14:00:00	117,02	116,74	116,75	116,92	26118
04/05/2026 15:00:00	117,04	116,76	116,91	116,78	45097
04/05/2026 16:00:00	116,92	116,70	116,77	116,70	21521
04/05/2026 17:00:00	116,75	116,23	116,70	116,30	56393
04/05/2026 18:00:00	116,38	116,08	116,30	116,31	14308
05/05/2026 08:00:00	116,65	116,42	116,59	116,57	8483
05/05/2026 09:00:00	116,75	116,52	116,58	116,63	27883
05/05/2026 10:00:00	116,84	116,64	116,64	116,80	17146
05/05/2026 11:00:00	116,82	116,70	116,79	116,74	15923
05/05/2026 12:00:00	116,79	116,60	116,74	116,64	22650
05/05/2026 13:00:00	116,66	116,44	116,63	116,54	22029
05/05/2026 14:00:00	116,79	116,48	116,53	116,67	32930
05/05/2026 15:00:00	116,80	116,64	116,67	116,75	18633
05/05/2026 16:00:00	116,93	116,67	116,76	116,82	44802
05/05/2026 17:00:00	117,02	116,81	116,83	116,95	31332
05/05/2026 18:00:00	117,01	116,92	116,95	116,92	4591
05/05/2026 19:00:00	116,92	116,92	116,92	116,92	10
06/05/2026 08:00:00	117,48	117,36	117,46	117,41	15352
06/05/2026 09:00:00	117,64	117,30	117,41	117,63	38083
06/05/2026 10:00:00	118,13	117,49	117,63	117,98	86258
06/05/2026 11:00:00	118,01	117,79	117,97	117,95	54127
06/05/2026 12:00:00	118,40	117,90	117,96	118,29	72889
06/05/2026 13:00:00	118,31	118,02	118,28	118,05	59138
06/05/2026 14:00:00	118,18	117,82	118,04	118,06	71776
06/05/2026 15:00:00	118,14	117,92	118,06	118,07	46166
06/05/2026 16:00:00	118,15	117,97	118,06	118,08	48311
06/05/2026 17:00:00	118,10	117,94	118,08	117,96	28249
06/05/2026 18:00:00	118,09	117,91	117,96	117,99	7710
06/05/2026 19:00:00	117,98	117,98	117,98	117,98	8
07/05/2026 08:00:00	118,52	118,01	118,04	118,34	13179
07/05/2026 09:00:00	118,53	118,18	118,33	118,33	47890
07/05/2026 10:00:00	118,37	118,06	118,33	118,09	53137
07/05/2026 11:00:00	118,14	118,00	118,08	118,07	27649
07/05/2026 12:00:00	118,21	118,05	118,07	118,17	27307
07/05/2026 13:00:00	118,32	118,18	118,18	118,27	17134
07/05/2026 14:00:00	118,58	118,19	118,26	118,50	45843
07/05/2026 15:00:00	118,51	118,25	118,51	118,35	48551
07/05/2026 16:00:00	118,38	118,23	118,35	118,32	30696
07/05/2026 17:00:00	118,31	117,99	118,31	118,02	46821
07/05/2026 18:00:00	118,02	117,82	118,02	117,91	12746
08/05/2026 08:00:00	118,06	117,80	117,83	117,99	6093
08/05/2026 09:00:00	118,01	117,78	117,99	117,88	27638
08/05/2026 10:00:00	118,15	117,81	117,89	118,11	29996
08/05/2026 11:00:00	118,20	117,97	118,11	118,06	29279
08/05/2026 12:00:00	118,14	118,02	118,05	118,13	17242
08/05/2026 13:00:00	118,17	117,96	118,12	118,04	26785
08/05/2026 14:00:00	118,25	118,01	118,05	118,19	29351
08/05/2026 15:00:00	118,35	118,10	118,19	118,32	37470
08/05/2026 16:00:00	118,32	118,17	118,31	118,18	22557
08/05/2026 17:00:00	118,20	118,11	118,18	118,14	19764
08/05/2026 18:00:00	118,19	118,09	118,15	118,10	4041
11/05/2026 08:00:00	117,96	117,66	117,76	117,95	11221
11/05/2026 09:00:00	117,99	117,79	117,95	117,86	27172
11/05/2026 10:00:00	117,97	117,83	117,86	117,85	17058
11/05/2026 11:00:00	117,85	117,68	117,84	117,68	25452
11/05/2026 12:00:00	117,89	117,65	117,67	117,79	32540
11/05/2026 13:00:00	117,85	117,69	117,79	117,73	11415
11/05/2026 14:00:00	117,85	117,62	117,72	117,71	27343
11/05/2026 15:00:00	117,84	117,70	117,71	117,78	28201
11/05/2026 16:00:00	117,77	117,56	117,77	117,61	43137
11/05/2026 17:00:00	117,73	117,57	117,60	117,72	26468
11/05/2026 18:00:00	117,73	117,51	117,72	117,54	5427
12/05/2026 08:00:00	117,37	116,99	117,36	117,01	13562
12/05/2026 09:00:00	117,12	116,97	117,01	116,99	41541
12/05/2026 10:00:00	117,07	116,92	116,99	117,04	42792
12/05/2026 11:00:00	117,13	116,97	117,04	117,13	33710
12/05/2026 12:00:00	117,25	117,13	117,14	117,22	35699
12/05/2026 13:00:00	117,27	117,05	117,23	117,10	25583
12/05/2026 14:00:00	117,21	116,99	117,09	117,13	29491
12/05/2026 15:00:00	117,15	116,92	117,13	116,97	31369
12/05/2026 16:00:00	117,09	116,92	116,97	117,03	40931
12/05/2026 17:00:00	117,06	116,93	117,03	116,94	26258
12/05/2026 18:00:00	116,97	116,87	116,93	116,95	7834
13/05/2026 08:00:00	117,17	117,03	117,03	117,15	6542
13/05/2026 09:00:00	117,22	117,11	117,15	117,15	23545
13/05/2026 10:00:00	117,16	117,03	117,14	117,07	49419
13/05/2026 11:00:00	117,13	117,02	117,07	117,12	37768
13/05/2026 12:00:00	117,17	117,02	117,11	117,03	40848
13/05/2026 13:00:00	117,06	116,89	117,04	117,00	23741
13/05/2026 14:00:00	117,06	116,81	117,01	116,98	25827
13/05/2026 15:00:00	117,07	116,96	116,98	117,02	22920
13/05/2026 16:00:00	117,04	116,95	117,02	117,00	21689
13/05/2026 17:00:00	117,15	116,99	117,00	117,12	25103
13/05/2026 18:00:00	117,37	117,11	117,12	117,24	10619
14/05/2026 08:00:00	117,53	117,29	117,32	117,38	12566
14/05/2026 09:00:00	117,44	117,17	117,37	117,21	39550
14/05/2026 10:00:00	117,41	117,19	117,21	117,32	23032
14/05/2026 11:00:00	117,50	117,32	117,33	117,43	22839
14/05/2026 12:00:00	117,54	117,40	117,43	117,48	29571
14/05/2026 13:00:00	117,65	117,44	117,48	117,54	22152
14/05/2026 14:00:00	117,69	117,54	117,54	117,62	22661
14/05/2026 15:00:00	117,72	117,56	117,62	117,60	23755
14/05/2026 16:00:00	117,70	117,47	117,60	117,67	24117
14/05/2026 17:00:00	117,77	117,63	117,68	117,75	19594
14/05/2026 18:00:00	117,80	117,68	117,75	117,71	6308
15/05/2026 08:00:00	117,10	116,86	116,95	117,09	16089
15/05/2026 09:00:00	117,24	117,07	117,08	117,19	25951
15/05/2026 10:00:00	117,19	116,93	117,19	117,01	36384
15/05/2026 11:00:00	117,01	116,78	117,01	116,80	30996
15/05/2026 12:00:00	117,06	116,78	116,80	116,99	45004
15/05/2026 13:00:00	117,01	116,73	116,98	116,74	20921
15/05/2026 14:00:00	116,75	116,57	116,73	116,66	36165
15/05/2026 15:00:00	116,70	116,38	116,66	116,40	44603
15/05/2026 16:00:00	116,60	116,35	116,41	116,54	40863
15/05/2026 17:00:00	116,55	116,21	116,54	116,30	31633
15/05/2026 18:00:00	116,31	116,17	116,30	116,17	8184
18/05/2026 08:00:00	116,17	116,00	116,06	116,13	11782
18/05/2026 09:00:00	116,30	115,92	116,13	116,27	40826
18/05/2026 10:00:00	116,44	116,23	116,27	116,39	26505
18/05/2026 11:00:00	116,40	116,25	116,40	116,29	25790
18/05/2026 12:00:00	116,30	116,16	116,28	116,24	23502
18/05/2026 13:00:00	116,59	116,15	116,25	116,51	49286
18/05/2026 14:00:00	116,90	116,40	116,50	116,79	53932
18/05/2026 15:00:00	116,97	116,69	116,79	116,89	53350
18/05/2026 16:00:00	116,90	116,52	116,89	116,65	45196
18/05/2026 17:00:00	116,69	116,44	116,65	116,64	45628
18/05/2026 18:00:00	116,75	116,49	116,65	116,64	10157
19/05/2026 08:00:00	116,77	116,52	116,55	116,73	7194
19/05/2026 09:00:00	116,86	116,68	116,72	116,83	28328
19/05/2026 10:00:00	116,85	116,68	116,83	116,77	30501
19/05/2026 11:00:00	116,81	116,61	116,77	116,65	27919
19/05/2026 12:00:00	116,66	116,45	116,65	116,57	33881
19/05/2026 13:00:00	116,60	116,48	116,57	116,48	21619
19/05/2026 14:00:00	116,57	116,42	116,48	116,50	35894
19/05/2026 15:00:00	116,55	116,02	116,49	116,28	80426
19/05/2026 16:00:00	116,41	116,06	116,28	116,12	57163
19/05/2026 17:00:00	116,31	116,12	116,12	116,15	30602
19/05/2026 18:00:00	116,26	116,03	116,15	116,21	6441
20/05/2026 08:00:00	116,50	116,30	116,32	116,44	8669
20/05/2026 09:00:00	116,49	116,34	116,43	116,40	21441
20/05/2026 10:00:00	116,64	116,40	116,40	116,59	44994
20/05/2026 11:00:00	116,64	116,55	116,60	116,58	31817
20/05/2026 12:00:00	116,76	116,57	116,59	116,65	29630
20/05/2026 13:00:00	116,74	116,60	116,65	116,62	33253
20/05/2026 14:00:00	116,83	116,62	116,62	116,73	31128
20/05/2026 15:00:00	116,83	116,70	116,73	116,77	43675
20/05/2026 16:00:00	117,34	116,62	116,77	117,26	115990
20/05/2026 17:00:00	117,72	117,17	117,25	117,31	75681
20/05/2026 18:00:00	117,44	117,23	117,30	117,38	7080
21/05/2026 08:00:00	117,37	117,12	117,30	117,15	11213
21/05/2026 09:00:00	117,44	117,13	117,15	117,29	28563
21/05/2026 10:00:00	117,57	117,28	117,29	117,32	46300
21/05/2026 11:00:00	117,50	117,30	117,32	117,37	28858
21/05/2026 12:00:00	117,40	116,84	117,37	116,95	63961
21/05/2026 13:00:00	117,19	116,94	116,95	117,14	25259
21/05/2026 14:00:00	117,27	117,00	117,14	117,15	40721
21/05/2026 15:00:00	117,38	116,96	117,14	117,35	44728
21/05/2026 16:00:00	117,38	117,13	117,34	117,26	35459
21/05/2026 17:00:00	117,26	117,08	117,26	117,22	29518
21/05/2026 18:00:00	117,38	117,22	117,22	117,35	7204
22/05/2026 08:00:00	117,73	117,57	117,61	117,62	10869
22/05/2026 09:00:00	117,67	117,51	117,63	117,67	21449
22/05/2026 10:00:00	117,83	117,56	117,67	117,70	37705
22/05/2026 11:00:00	117,75	117,64	117,69	117,73	19347
22/05/2026 12:00:00	117,80	117,63	117,73	117,64	17765
22/05/2026 13:00:00	117,81	117,57	117,64	117,74	19620
22/05/2026 14:00:00	118,02	117,72	117,74	117,95	46628
22/05/2026 15:00:00	118,05	117,81	117,95	117,87	52839
22/05/2026 16:00:00	117,88	117,77	117,87	117,83	25052
22/05/2026 17:00:00	117,91	117,80	117,83	117,82	19854
22/05/2026 18:00:00	117,82	117,72	117,82	117,74	4503
25/05/2026 08:00:00	118,57	118,39	118,50	118,46	11365
25/05/2026 09:00:00	118,60	118,33	118,47	118,50	38974
25/05/2026 10:00:00	118,73	118,48	118,50	118,67	26956
25/05/2026 11:00:00	118,81	118,67	118,67	118,74	20596
25/05/2026 12:00:00	118,85	118,71	118,74	118,79	18593
25/05/2026 13:00:00	118,89	118,75	118,78	118,80	17084
25/05/2026 14:00:00	118,93	118,78	118,79	118,87	23880
25/05/2026 15:00:00	118,93	118,86	118,87	118,90	11875
25/05/2026 16:00:00	118,98	118,89	118,90	118,90	10927
25/05/2026 17:00:00	118,92	118,75	118,90	118,85	26369
25/05/2026 18:00:00	118,94	118,84	118,86	118,91	4473
26/05/2026 08:00:00	118,71	118,56	118,64	118,59	12926
26/05/2026 09:00:00	118,63	118,43	118,60	118,52	36220
26/05/2026 10:00:00	118,56	118,36	118,52	118,40	28903
26/05/2026 11:00:00	118,54	118,36	118,40	118,52	31885
26/05/2026 12:00:00	118,68	118,49	118,52	118,56	32887
26/05/2026 13:00:00	118,56	118,40	118,56	118,47	26688
26/05/2026 14:00:00	118,54	118,40	118,46	118,47	22450
26/05/2026 15:00:00	118,52	118,31	118,48	118,38	31253
26/05/2026 16:00:00	118,47	118,36	118,38	118,37	18746
26/05/2026 17:00:00	118,45	118,34	118,38	118,44	18922
26/05/2026 18:00:00	118,54	118,44	118,45	118,48	4102
27/05/2026 08:00:00	118,74	118,57	118,73	118,64	6897
27/05/2026 09:00:00	118,73	118,62	118,64	118,66	17176
27/05/2026 10:00:00	118,79	118,64	118,65	118,76	23255
27/05/2026 11:00:00	118,78	118,66	118,76	118,73	29461
27/05/2026 12:00:00	118,75	118,68	118,73	118,71	21583
27/05/2026 13:00:00	118,73	118,56	118,71	118,58	18540
27/05/2026 14:00:00	118,89	118,50	118,57	118,60	72060
27/05/2026 15:00:00	118,60	118,44	118,59	118,58	35009
27/05/2026 16:00:00	118,59	118,27	118,58	118,45	43934
27/05/2026 17:00:00	118,51	118,35	118,45	118,42	26823
27/05/2026 18:00:00	118,49	118,35	118,42	118,43	4959
28/05/2026 08:00:00	118,27	118,13	118,25	118,18	13198
28/05/2026 09:00:00	118,24	118,07	118,19	118,15	25501
28/05/2026 10:00:00	118,23	118,11	118,15	118,15	64224
28/05/2026 11:00:00	118,25	118,10	118,15	118,21	36363
28/05/2026 12:00:00	118,23	118,02	118,21	118,10	37691
28/05/2026 13:00:00	118,25	118,11	118,11	118,16	25839
28/05/2026 14:00:00	118,33	118,08	118,16	118,28	25000
28/05/2026 15:00:00	118,38	118,25	118,29	118,37	26278
28/05/2026 16:00:00	118,89	118,31	118,37	118,62	85836
28/05/2026 17:00:00	118,69	118,58	118,63	118,63	23432
28/05/2026 18:00:00	118,77	118,60	118,63	118,75	7162
29/05/2026 08:00:00	118,73	118,57	118,73	118,62	6899
29/05/2026 09:00:00	118,64	118,51	118,62	118,62	19854
29/05/2026 10:00:00	118,82	118,63	118,63	118,76	30682
29/05/2026 11:00:00	118,86	118,76	118,77	118,79	24813
29/05/2026 12:00:00	118,88	118,75	118,79	118,79	21817
29/05/2026 13:00:00	118,83	118,70	118,79	118,81	21243
29/05/2026 14:00:00	118,85	118,66	118,81	118,76	24822
29/05/2026 15:00:00	118,84	118,64	118,76	118,65	27939
29/05/2026 16:00:00	118,95	118,63	118,65	118,91	39967
29/05/2026 17:00:00	119,07	118,79	118,91	118,88	62467
29/05/2026 18:00:00	118,97	118,84	118,89	118,95	5876
01/06/2026 08:00:00	118,70	118,48	118,70	118,53	10619
01/06/2026 09:00:00	118,59	118,51	118,53	118,56	5591



