Eurex.Bund
Eurex.Bund
ora	high	low	open	close	volume
03032026 010000	129,63	129,47	129,61	129,49	2149
03032026 020000	129,51	129,44	129,49	129,47	2901
03032026 030000	129,53	129,46	129,46	129,50	1324
03032026 040000	129,50	129,44	129,50	129,44	1217
03032026 050000	129,44	129,31	129,44	129,33	4120
03032026 060000	129,34	129,27	129,33	129,27	2837
03032026 070000	129,31	129,22	129,26	129,29	8099
03032026 080000	129,32	129,03	129,30	129,09	103696
03032026 090000	129,14	128,91	129,08	129,09	299813
03032026 100000	129,09	128,75	129,09	128,87	232630
03032026 110000	128,87	128,66	128,86	128,80	278286
03032026 120000	128,89	128,53	128,80	128,81	278927
03032026 130000	128,98	128,68	128,80	128,89	194465
03032026 140000	128,94	128,77	128,88	128,85	175155
03032026 150000	128,90	128,67	128,84	128,80	134265
03032026 160000	129,10	128,77	128,80	128,97	180396
03032026 170000	129,29	128,89	128,97	129,18	168642
03032026 180000	129,22	129,06	129,17	129,11	34412
03032026 190000	129,32	129,07	129,11	129,27	18458
03032026 200000	129,48	129,23	129,27	129,29	15882
03032026 210000	129,33	129,19	129,29	129,22	5416
03032026 220000	129,21	129,21	129,21	129,21	4
04032026 010000	129,32	129,11	129,17	129,25	3445
04032026 020000	129,25	129,06	129,25	129,12	1897
04032026 030000	129,15	129,08	129,12	129,10	737
04032026 040000	129,17	129,07	129,11	129,12	1186
04032026 050000	129,19	129,07	129,11	129,08	1351
04032026 060000	129,08	128,97	129,08	129,02	2181
04032026 070000	129,05	128,94	129,02	128,94	3165
04032026 080000	129,13	128,82	128,94	129,13	74439
04032026 090000	129,13	128,80	129,12	128,92	142684
04032026 100000	128,99	128,82	128,93	128,89	102622
04032026 110000	129,22	128,86	128,88	129,15	186016
04032026 120000	129,25	129,09	129,15	129,13	96611
04032026 130000	129,23	129,05	129,13	129,14	63051
04032026 140000	129,22	129,04	129,13	129,08	90040
04032026 150000	129,13	128,99	129,08	129,02	105741
04032026 160000	129,12	128,99	129,02	129,12	76151
04032026 170000	129,28	129,11	129,11	129,20	70817
04032026 180000	129,21	129,10	129,19	129,16	19328
04032026 190000	129,18	129,13	129,16	129,16	3708
04032026 200000	129,18	129,09	129,17	129,09	2279
04032026 210000	129,12	129,02	129,10	129,02	3590
05032026 010000	129,05	128,99	129,03	129,02	107
05032026 020000	129,01	128,87	129,01	128,87	213
05032026 030000	128,88	128,82	128,88	128,84	52
05032026 040000	128,82	128,80	128,82	128,82	99
05032026 050000	128,84	128,81	128,84	128,81	17
05032026 060000	128,81	128,70	128,78	128,74	294
05032026 070000	128,97	128,74	128,74	128,91	1534
05032026 080000	128,93	128,78	128,93	128,80	3573
05032026 090000	128,82	128,70	128,77	128,78	5264
05032026 100000	129,01	128,74	128,77	128,82	7951
05032026 110000	128,83	128,71	128,80	128,72	6224
05032026 120000	128,80	128,61	128,73	128,65	5688
05032026 130000	128,72	128,44	128,64	128,50	5374
05032026 140000	128,54	128,42	128,51	128,47	3705
05032026 150000	128,51	128,30	128,47	128,38	6061
05032026 160000	128,45	128,26	128,38	128,37	1384
05032026 170000	128,42	128,13	128,37	128,25	2834
05032026 180000	128,28	128,18	128,25	128,19	1802
05032026 190000	128,24	128,14	128,21	128,17	67
05032026 200000	128,20	128,13	128,20	128,18	288
05032026 210000	128,30	128,14	128,15	128,30	25
06032026 010000	127,31	127,22	127,22	127,24	1603
06032026 020000	127,29	127,18	127,24	127,19	2578
06032026 030000	127,26	127,19	127,20	127,24	1549
06032026 040000	127,25	127,17	127,24	127,19	1026
06032026 050000	127,24	127,19	127,20	127,21	707
06032026 060000	127,24	127,18	127,21	127,22	1348
06032026 070000	127,26	127,16	127,22	127,20	4935
06032026 080000	127,32	127,13	127,19	127,20	86445
06032026 090000	127,24	127,01	127,20	127,05	201105
06032026 100000	127,09	126,84	127,05	127,02	264850
06032026 110000	127,21	127,00	127,02	127,14	175743
06032026 120000	127,18	127,00	127,14	127,10	165652
06032026 130000	127,14	126,96	127,09	127,05	151035
06032026 140000	127,40	126,81	127,06	126,89	265753
06032026 150000	127,01	126,81	126,90	126,94	279880
06032026 160000	127,18	126,85	126,95	127,02	244862
06032026 170000	127,11	126,86	127,02	127,04	162392
06032026 180000	127,13	126,96	127,04	127,02	59523
06032026 190000	127,23	127,02	127,02	127,11	14804
06032026 200000	127,15	126,99	127,12	126,99	9496
06032026 210000	127,03	126,94	127,00	126,97	7101
09032026 010000	126,70	126,39	126,69	126,45	19172
09032026 020000	126,49	126,12	126,44	126,14	17880
09032026 030000	126,22	126,05	126,15	126,18	6254
09032026 040000	126,21	126,01	126,17	126,04	8108
09032026 050000	126,08	125,94	126,05	126,00	5244
09032026 060000	126,43	126,01	126,01	126,34	14304
09032026 070000	126,42	126,20	126,35	126,38	18974
09032026 080000	126,59	126,27	126,37	126,37	183245
09032026 090000	126,82	126,35	126,37	126,70	274216
09032026 100000	126,88	126,58	126,69	126,77	269603
09032026 110000	126,81	126,55	126,78	126,65	171941
09032026 120000	126,78	126,62	126,65	126,66	135371
09032026 130000	126,76	126,48	126,65	126,58	148338
09032026 140000	126,95	126,59	126,59	126,79	242489
09032026 150000	126,96	126,59	126,79	126,92	211793
09032026 160000	127,07	126,86	126,92	126,98	170206
09032026 170000	127,10	126,87	126,98	127,03	145267
09032026 180000	127,04	126,88	127,03	126,93	35301
09032026 190000	127,02	126,86	126,93	126,87	12373
09032026 200000	127,48	126,84	126,87	127,37	58779
09032026 210000	127,42	127,28	127,37	127,37	14020
10032026 010000	127,42	127,25	127,26	127,30	4082
10032026 020000	127,36	127,28	127,30	127,34	2940
10032026 030000	127,39	127,26	127,33	127,27	2645
10032026 040000	127,27	127,12	127,26	127,13	2706
10032026 050000	127,19	127,13	127,14	127,19	694
10032026 060000	127,34	127,18	127,19	127,25	2206
10032026 070000	127,30	127,20	127,25	127,25	6957
10032026 080000	127,50	127,14	127,24	127,49	169008
10032026 090000	127,53	127,12	127,50	127,16	226202
10032026 100000	127,37	127,14	127,16	127,17	165165
10032026 110000	127,22	126,90	127,18	127,03	168691
10032026 120000	127,16	126,88	127,03	126,90	152105
10032026 130000	127,04	126,80	126,91	127,04	145052
10032026 140000	127,08	126,92	127,04	126,95	163436
10032026 150000	127,25	126,89	126,95	127,22	167887
10032026 160000	127,34	127,19	127,22	127,33	117632
10032026 170000	127,35	127,17	127,33	127,26	110643
10032026 180000	127,47	127,22	127,25	127,31	78573
10032026 190000	127,32	126,96	127,30	127,08	47900
10032026 200000	127,08	126,92	127,07	126,98	19130
10032026 210000	127,10	126,90	126,98	126,97	10613
11032026 010000	127,12	127,02	127,07	127,03	2518
11032026 020000	127,18	126,98	127,03	127,14	4690
11032026 030000	127,19	127,13	127,15	127,16	1358
11032026 040000	127,19	127,16	127,16	127,18	671
11032026 050000	127,18	127,12	127,18	127,15	744
11032026 060000	127,20	127,06	127,15	127,09	1431
11032026 070000	127,10	127,03	127,08	127,08	4176
11032026 080000	127,15	126,73	127,07	126,88	126849
11032026 090000	126,91	126,66	126,87	126,67	151148
11032026 100000	126,68	126,55	126,67	126,57	146949
11032026 110000	126,74	126,56	126,57	126,71	198912
11032026 120000	126,82	126,62	126,72	126,64	147565
11032026 130000	126,67	126,38	126,64	126,47	172986
11032026 140000	126,57	126,41	126,47	126,55	188834
11032026 150000	126,68	126,39	126,55	126,41	206139
11032026 160000	126,44	126,28	126,42	126,31	152098
11032026 170000	126,38	126,26	126,30	126,29	177760
11032026 180000	126,30	126,16	126,29	126,27	50042
11032026 190000	126,34	126,26	126,26	126,28	25027
11032026 200000	126,28	126,21	126,28	126,22	10981
11032026 210000	126,22	126,12	126,22	126,16	11371
12032026 010000	126,09	125,91	126,01	126,07	6566
12032026 020000	126,14	126,03	126,06	126,11	3310
12032026 030000	126,12	125,92	126,11	125,98	3059
12032026 040000	125,99	125,93	125,99	125,97	2117
12032026 050000	125,99	125,93	125,97	125,93	2657
12032026 060000	126,06	125,93	125,93	125,96	3975
12032026 070000	126,13	125,94	125,96	126,09	10531
12032026 080000	126,29	126,02	126,08	126,25	107744
12032026 090000	126,38	126,18	126,26	126,18	155077
12032026 100000	126,42	126,18	126,18	126,31	151702
12032026 110000	126,39	126,20	126,30	126,34	144839
12032026 120000	126,42	126,28	126,34	126,29	99316
12032026 130000	126,29	126,14	126,29	126,18	117402
12032026 140000	126,22	125,99	126,18	126,19	186382
12032026 150000	126,33	126,13	126,20	126,21	162903
12032026 160000	126,23	126,06	126,21	126,21	204893
12032026 170000	126,21	126,01	126,21	126,05	171832
12032026 180000	126,12	125,96	126,05	125,98	46021
12032026 190000	126,00	125,82	125,97	125,82	23080
12032026 200000	125,93	125,78	125,83	125,87	19221
12032026 210000	125,89	125,82	125,87	125,88	6109
13032026 010000	125,99	125,93	125,95	125,96	1578
13032026 020000	126,04	125,95	125,95	125,96	2944
13032026 030000	125,98	125,93	125,97	125,95	729
13032026 040000	125,95	125,90	125,94	125,90	1071
13032026 050000	125,94	125,83	125,90	125,88	1186
13032026 060000	125,92	125,85	125,88	125,90	2133
13032026 070000	125,98	125,86	125,90	125,89	5717
13032026 080000	125,90	125,73	125,89	125,87	76529
13032026 090000	126,14	125,84	125,87	126,11	174427
13032026 100000	126,18	126,00	126,12	126,05	128969
13032026 110000	126,20	126,04	126,05	126,19	145371
13032026 120000	126,23	126,13	126,19	126,16	119474
13032026 130000	126,26	126,03	126,16	126,17	127830
13032026 140000	126,24	126,10	126,16	126,17	104701
13032026 150000	126,19	126,03	126,18	126,05	125260
13032026 160000	126,05	125,89	126,05	125,91	133963
13032026 170000	125,96	125,77	125,90	125,79	155217
13032026 180000	125,80	125,69	125,79	125,72	43955
13032026 190000	125,76	125,68	125,72	125,73	12307
13032026 200000	125,77	125,73	125,73	125,75	6617
13032026 210000	125,77	125,74	125,75	125,76	6292
16032026 010000	125,96	125,88	125,90	125,96	2467
16032026 020000	125,99	125,94	125,96	125,94	3451
16032026 030000	125,94	125,89	125,94	125,92	1846
16032026 040000	125,98	125,91	125,92	125,93	1021
16032026 050000	125,94	125,91	125,94	125,91	783
16032026 060000	125,92	125,86	125,92	125,90	1571
16032026 070000	125,93	125,87	125,90	125,91	7635
16032026 080000	125,95	125,82	125,91	125,95	44094
16032026 090000	125,99	125,86	125,95	125,93	90794
16032026 100000	126,02	125,88	125,93	125,98	75245
16032026 110000	126,04	125,96	125,98	126,01	106334
16032026 120000	126,13	125,98	126,01	126,13	74716
16032026 130000	126,22	126,10	126,12	126,16	86883
16032026 140000	126,38	126,16	126,17	126,37	103585
16032026 150000	126,42	126,27	126,36	126,31	144057
16032026 160000	126,32	126,20	126,30	126,22	110239
16032026 170000	126,23	126,08	126,23	126,10	105566
16032026 180000	126,21	126,10	126,11	126,21	38771
16032026 190000	126,31	126,20	126,21	126,30	17914
16032026 200000	126,30	126,25	126,29	126,26	10715
16032026 210000	126,30	126,24	126,25	126,29	3875
17032026 010000	126,27	126,20	126,26	126,21	884
17032026 020000	126,21	126,13	126,21	126,16	1026
17032026 030000	126,17	126,14	126,16	126,14	664
17032026 040000	126,21	126,12	126,14	126,17	2257
17032026 050000	126,24	126,16	126,17	126,23	1030
17032026 060000	126,24	126,08	126,23	126,10	2203
17032026 070000	126,10	126,05	126,10	126,07	2828
17032026 080000	126,17	126,02	126,06	126,17	35506
17032026 090000	126,35	126,16	126,17	126,30	94860
17032026 100000	126,38	126,24	126,31	126,37	80254
17032026 110000	126,46	126,28	126,37	126,32	95964
17032026 120000	126,44	126,29	126,31	126,41	82893
17032026 130000	126,48	126,38	126,40	126,43	96939
17032026 140000	126,57	126,43	126,43	126,53	149134
17032026 150000	126,58	126,48	126,53	126,52	114052
17032026 160000	126,54	126,40	126,52	126,46	95835
17032026 170000	126,60	126,42	126,45	126,55	90817
17032026 180000	126,58	126,51	126,56	126,52	19736
17032026 190000	126,54	126,47	126,52	126,47	7534
17032026 200000	126,50	126,47	126,48	126,48	6579
17032026 210000	126,50	126,47	126,48	126,49	2109
18032026 010000	126,53	126,46	126,50	126,49	820
18032026 020000	126,55	126,46	126,48	126,52	1225
18032026 030000	126,63	126,50	126,52	126,62	1455
18032026 040000	126,65	126,61	126,62	126,64	1135
18032026 050000	126,70	126,65	126,65	126,68	2039
18032026 060000	126,70	126,65	126,67	126,70	1558
18032026 070000	126,78	126,67	126,69	126,70	7784
18032026 080000	126,75	126,63	126,69	126,72	41297
18032026 090000	126,81	126,66	126,73	126,73	101236
18032026 100000	126,80	126,68	126,74	126,76	71743
19032026 010000	125,84	125,72	125,83	125,77	4209
19032026 020000	125,82	125,73	125,77	125,75	3432
19032026 030000	125,83	125,71	125,74	125,81	1627
19032026 040000	125,84	125,80	125,82	125,82	706
19032026 050000	125,82	125,76	125,82	125,79	967
19032026 060000	125,82	125,74	125,78	125,79	1957
19032026 070000	125,86	125,74	125,78	125,82	8217
19032026 080000	125,93	125,70	125,82	125,84	90518
19032026 090000	125,99	125,82	125,84	125,90	155999
19032026 100000	125,99	125,74	125,90	125,88	248514
19032026 110000	125,88	125,67	125,87	125,69	154535
19032026 120000	125,76	125,64	125,69	125,69	132744
19032026 130000	125,70	125,46	125,68	125,67	241064
19032026 140000	125,95	125,46	125,67	125,93	240318
19032026 150000	126,06	125,87	125,92	125,98	193005
19032026 160000	126,09	125,89	125,97	126,04	156771
19032026 170000	126,12	125,91	126,03	125,98	183328
19032026 180000	125,99	125,88	125,98	125,95	38827
19032026 190000	126,01	125,86	125,94	125,92	18500
19032026 200000	126,39	125,93	125,93	126,14	61173
19032026 210000	126,20	126,12	126,15	126,17	5957
20032026 010000	126,24	126,17	126,17	126,17	1777
20032026 020000	126,27	126,16	126,17	126,19	3075
20032026 030000	126,20	126,05	126,20	126,07	1739
20032026 040000	126,08	126,04	126,07	126,06	1238
20032026 050000	126,11	126,04	126,06	126,04	1525
20032026 060000	126,09	126,02	126,04	126,06	1343
20032026 070000	126,09	125,93	126,06	125,97	6370
20032026 080000	126,16	125,86	125,96	126,14	65156
20032026 090000	126,21	126,07	126,15	126,13	101366
20032026 100000	126,16	125,65	126,13	125,70	153691
20032026 110000	125,75	125,58	125,70	125,73	174709
20032026 120000	125,89	125,72	125,73	125,88	122271
20032026 130000	125,96	125,83	125,89	125,90	127525
20032026 140000	125,96	125,60	125,91	125,61	131384
20032026 150000	125,62	125,21	125,61	125,24	236901
20032026 160000	125,32	125,17	125,25	125,29	172739
20032026 170000	125,32	125,07	125,30	125,12	131429
20032026 180000	125,16	125,05	125,12	125,12	63486
20032026 190000	125,16	125,02	125,12	125,03	24355
20032026 200000	125,07	125,00	125,04	125,03	11928
20032026 210000	125,08	125,02	125,03	125,07	4184
23032026 010000	125,03	124,90	124,99	125,00	5715
23032026 020000	125,11	124,98	124,99	125,06	3090
23032026 030000	125,08	124,93	125,05	124,94	2246
23032026 040000	124,95	124,85	124,94	124,88	3552
23032026 050000	124,92	124,87	124,89	124,91	2419
23032026 060000	124,96	124,85	124,90	124,86	3215
23032026 070000	124,89	124,80	124,85	124,87	8855
23032026 080000	125,02	124,83	124,86	124,85	73654
23032026 090000	125,12	124,83	124,84	124,95	150942
23032026 100000	125,03	124,77	124,95	124,83	145986
23032026 110000	124,99	124,79	124,82	124,89	137161
23032026 120000	126,05	124,85	124,89	125,31	331328
23032026 130000	125,73	125,24	125,30	125,65	186092
23032026 140000	125,82	125,42	125,66	125,79	177176
23032026 150000	125,94	125,62	125,78	125,73	157938
23032026 160000	126,03	125,42	125,73	125,46	166707
23032026 170000	125,57	125,31	125,47	125,48	125908
23032026 180000	125,67	125,43	125,48	125,65	40671
23032026 190000	125,83	125,54	125,64	125,74	21976
23032026 200000	125,74	125,63	125,73	125,63	7543
23032026 210000	125,63	125,56	125,63	125,59	2685
24032026 010000	125,56	125,43	125,54	125,47	3488
24032026 020000	125,46	125,29	125,46	125,34	4439
24032026 030000	125,38	125,25	125,34	125,32	4103
24032026 040000	125,33	125,27	125,31	125,32	1447
24032026 050000	125,32	125,24	125,32	125,30	1082
24032026 060000	125,36	125,27	125,30	125,31	1770
24032026 070000	125,50	125,28	125,30	125,46	9338
24032026 080000	125,60	125,37	125,45	125,58	82912
24032026 090000	125,70	125,41	125,58	125,49	147707
24032026 100000	125,50	125,32	125,49	125,36	125788
24032026 110000	125,52	125,28	125,36	125,52	116386
24032026 120000	125,65	125,47	125,51	125,60	117296
24032026 130000	125,63	125,21	125,61	125,23	113879
24032026 140000	125,31	125,09	125,23	125,19	175487
24032026 150000	125,53	125,19	125,19	125,41	181506
24032026 160000	125,52	125,36	125,42	125,36	123977
24032026 170000	125,44	125,26	125,35	125,27	112120
24032026 180000	125,27	125,02	125,26	125,19	75256
24032026 190000	125,36	125,14	125,20	125,30	19504
24032026 200000	125,37	125,27	125,30	125,28	9075
24032026 210000	125,82	125,21	125,29	125,65	37602
25032026 010000	125,89	125,71	125,82	125,82	3986
25032026 020000	125,92	125,77	125,81	125,77	4879
25032026 030000	125,82	125,72	125,76	125,73	725
25032026 040000	125,78	125,73	125,74	125,74	709
25032026 050000	125,78	125,72	125,74	125,73	961
25032026 060000	125,75	125,68	125,72	125,71	1974
25032026 070000	125,71	125,60	125,70	125,62	4470
25032026 080000	125,74	125,56	125,61	125,63	59904
25032026 090000	125,98	125,60	125,63	125,91	208043
25032026 100000	125,96	125,76	125,91	125,82	146122
25032026 110000	125,96	125,73	125,82	125,94	126959
25032026 120000	126,09	125,92	125,95	126,08	127150
25032026 130000	126,11	125,80	126,08	125,95	155316
25032026 140000	126,09	125,84	125,95	125,86	143654
25032026 150000	125,96	125,79	125,85	125,92	159721
25032026 160000	126,01	125,72	125,92	125,94	143486
25032026 170000	126,05	125,91	125,94	125,95	112820
25032026 180000	126,00	125,86	125,95	125,92	48436
25032026 190000	125,93	125,83	125,93	125,86	9309
25032026 200000	125,88	125,83	125,86	125,88	6420
25032026 210000	125,89	125,81	125,88	125,83	3066
26032026 010000	125,79	125,66	125,79	125,69	2272
26032026 020000	125,72	125,63	125,69	125,70	1647
26032026 030000	125,73	125,64	125,70	125,64	1947
26032026 040000	125,69	125,62	125,65	125,66	773
26032026 050000	125,70	125,66	125,67	125,67	371
26032026 060000	125,68	125,56	125,67	125,56	2089
26032026 070000	125,67	125,54	125,56	125,65	5363
26032026 080000	125,66	125,50	125,65	125,53	56281
26032026 090000	125,55	125,34	125,52	125,35	102136
26032026 100000	125,38	125,27	125,35	125,32	93683
26032026 110000	125,38	125,20	125,32	125,23	112417
26032026 120000	125,29	125,08	125,23	125,09	81715
26032026 130000	125,17	125,04	125,08	125,10	106118
26032026 140000	125,27	125,08	125,10	125,26	176149
26032026 150000	125,27	125,02	125,26	125,12	161271
26032026 160000	125,14	124,94	125,11	124,98	127853
26032026 170000	125,02	124,80	124,98	124,80	126140
26032026 180000	124,85	124,68	124,81	124,69	38305
26032026 190000	124,77	124,69	124,69	124,74	11683
26032026 200000	124,77	124,67	124,75	124,71	10325
26032026 210000	125,11	124,69	124,71	124,76	27081
27032026 010000	124,85	124,58	124,84	124,71	4454
27032026 020000	124,82	124,70	124,71	124,79	2171
27032026 030000	124,87	124,80	124,81	124,80	1366
27032026 040000	124,81	124,67	124,80	124,71	528
27032026 050000	124,73	124,62	124,72	124,65	1109
27032026 060000	124,76	124,62	124,64	124,62	2697
27032026 070000	124,65	124,55	124,61	124,63	6974
27032026 080000	124,80	124,58	124,63	124,65	73490
27032026 090000	124,74	124,33	124,66	124,35	170003
27032026 100000	124,40	124,25	124,36	124,32	162310
27032026 110000	124,42	124,28	124,31	124,29	118579
27032026 120000	124,48	124,27	124,29	124,40	105507
27032026 130000	124,50	124,38	124,39	124,39	88784
27032026 140000	124,50	124,33	124,40	124,42	127924
27032026 150000	124,54	124,42	124,43	124,53	115403
27032026 160000	124,61	124,48	124,53	124,50	128678
27032026 170000	124,64	124,44	124,50	124,61	123332
27032026 180000	124,61	124,49	124,60	124,52	36943
27032026 190000	124,56	124,47	124,53	124,48	13103
27032026 200000	124,50	124,44	124,48	124,48	10409
27032026 210000	124,53	124,44	124,49	124,46	11330
30032026 020000	124,68	124,48	124,54	124,64	4512
30032026 030000	124,73	124,63	124,64	124,70	1233
30032026 040000	124,74	124,62	124,70	124,74	904
30032026 050000	124,82	124,74	124,74	124,76	2867
30032026 060000	124,79	124,74	124,77	124,75	1050
30032026 070000	124,80	124,73	124,75	124,75	4048
30032026 080000	124,88	124,71	124,75	124,73	40386
30032026 090000	124,72	124,56	124,72	124,65	72150
30032026 100000	124,79	124,57	124,65	124,78	78313
30032026 110000	124,78	124,56	124,78	124,58	79017
30032026 120000	124,76	124,57	124,59	124,76	52620
30032026 130000	125,02	124,71	124,76	124,86	115900
30032026 140000	125,06	124,84	124,86	125,04	86179
30032026 150000	125,19	125,04	125,05	125,13	112973
30032026 160000	125,22	125,07	125,12	125,22	93962
30032026 170000	125,25	125,14	125,22	125,19	93514
30032026 180000	125,23	125,17	125,20	125,21	28773
30032026 190000	125,21	125,04	125,21	125,04	13623
30032026 200000	125,06	125,01	125,04	125,02	9046
30032026 210000	125,03	124,96	125,02	125,03	5258
31032026 020000	125,17	124,90	124,95	125,15	2838
31032026 030000	125,33	125,09	125,15	125,27	4880
31032026 040000	125,32	125,25	125,27	125,29	764
31032026 050000	125,35	125,26	125,28	125,28	1447
31032026 060000	125,39	125,29	125,29	125,39	1449
31032026 070000	125,43	125,32	125,38	125,34	5628
31032026 080000	125,42	125,19	125,34	125,23	35671
31032026 090000	125,54	125,05	125,22	125,51	158316
31032026 100000	125,53	125,27	125,51	125,29	106051
31032026 110000	125,34	125,22	125,29	125,24	88896
31032026 120000	125,26	125,01	125,24	125,14	85846
31032026 130000	125,38	125,02	125,15	125,34	138962
31032026 140000	125,47	125,29	125,35	125,40	143497
31032026 150000	125,44	125,31	125,41	125,37	114395
31032026 160000	125,38	125,18	125,37	125,30	142644
31032026 170000	125,53	125,28	125,30	125,49	291578
31032026 180000	125,98	125,44	125,49	125,81	100138
31032026 190000	125,91	125,72	125,81	125,72	32982
31032026 200000	125,83	125,72	125,72	125,76	6942
31032026 210000	125,84	125,70	125,76	125,71	10795
01042026 020000	125,91	125,80	125,81	125,85	2805
01042026 030000	125,87	125,77	125,85	125,83	2468
01042026 040000	125,89	125,83	125,83	125,85	2747
01042026 050000	125,90	125,84	125,85	125,87	496
01042026 060000	125,93	125,87	125,87	125,93	1003
01042026 070000	126,11	125,92	125,94	126,11	9274
01042026 080000	126,24	126,03	126,12	126,23	85799
01042026 090000	126,26	125,97	126,22	125,98	169983
01042026 100000	126,07	125,92	125,97	126,04	122545
01042026 110000	126,08	125,90	126,04	125,92	96715
01042026 120000	126,02	125,86	125,92	126,00	69920
01042026 130000	126,11	125,96	126,01	126,07	74292
01042026 140000	126,09	125,71	126,07	125,73	187506
01042026 150000	125,77	125,62	125,72	125,65	163539
01042026 160000	125,67	125,52	125,64	125,66	165017
01042026 170000	125,75	125,59	125,65	125,71	127278
01042026 180000	125,73	125,60	125,71	125,72	33075
01042026 190000	125,77	125,69	125,72	125,74	12244
01042026 200000	125,74	125,68	125,73	125,70	10190
01042026 210000	125,70	125,65	125,69	125,70	7877
02042026 020000	125,88	125,69	125,71	125,87	2857
02042026 030000	125,88	125,33	125,87	125,37	14971
02042026 040000	125,40	125,31	125,36	125,38	3512
02042026 050000	125,39	125,24	125,38	125,28	3673
02042026 060000	125,28	125,22	125,28	125,22	2552
02042026 070000	125,27	125,19	125,23	125,23	8716
02042026 080000	125,34	125,19	125,24	125,27	47161
02042026 090000	125,39	125,20	125,27	125,39	73639
02042026 100000	125,42	125,28	125,38	125,33	98144
02042026 110000	125,41	125,28	125,33	125,40	77191
02042026 120000	125,42	125,17	125,41	125,18	66128
02042026 130000	125,23	125,07	125,18	125,12	85513
02042026 140000	125,19	125,05	125,12	125,07	84146
02042026 150000	125,38	125,05	125,08	125,36	98186
02042026 160000	125,75	125,35	125,37	125,64	203844
02042026 170000	125,71	125,58	125,64	125,64	104416
02042026 180000	125,65	125,55	125,63	125,55	30491
02042026 190000	125,59	125,53	125,56	125,54	9641
02042026 200000	125,56	125,52	125,54	125,53	6130
02042026 210000	125,61	125,54	125,54	125,60	6859
07042026 020000	125,68	125,41	125,41	125,67	4860
07042026 030000	125,73	125,50	125,67	125,51	2682
07042026 040000	125,53	125,48	125,51	125,52	557
07042026 050000	125,53	125,46	125,52	125,49	1271
07042026 060000	125,52	125,44	125,49	125,50	973
07042026 070000	125,51	125,42	125,51	125,47	3666
07042026 080000	125,48	125,34	125,48	125,44	29739
07042026 090000	125,47	125,31	125,43	125,36	69071
07042026 100000	125,61	125,36	125,36	125,52	110779
07042026 110000	125,64	125,52	125,53	125,56	91822
07042026 120000	125,60	125,25	125,57	125,28	164931
07042026 130000	125,31	125,19	125,28	125,19	72884
07042026 140000	125,28	125,11	125,20	125,17	116928
07042026 150000	125,24	125,01	125,17	125,03	97618
07042026 160000	125,04	124,71	125,03	124,71	173189
07042026 170000	124,80	124,65	124,72	124,75	155601
07042026 180000	124,81	124,72	124,75	124,74	66148
07042026 190000	124,85	124,73	124,74	124,81	11211
07042026 200000	124,89	124,81	124,81	124,85	7119
07042026 210000	125,26	124,83	124,84	125,07	27436
08042026 020000	126,04	125,74	125,80	125,98	23176
08042026 030000	126,05	125,93	125,98	126,03	8698
08042026 040000	126,10	126,00	126,04	126,10	4639
08042026 050000	126,15	126,08	126,10	126,14	4046
08042026 060000	126,29	126,14	126,14	126,26	6793
08042026 070000	126,43	126,22	126,26	126,34	27566
08042026 080000	126,64	126,27	126,33	126,36	170854
08042026 090000	126,46	126,22	126,36	126,39	194474
08042026 100000	126,50	126,28	126,38	126,40	157314
08042026 110000	126,46	126,15	126,39	126,23	166374
08042026 120000	126,47	126,22	126,24	126,42	88706
08042026 130000	126,47	126,36	126,42	126,42	112272
08042026 140000	126,57	126,30	126,43	126,53	154929
08042026 150000	126,60	126,36	126,53	126,37	156167
08042026 160000	126,44	126,13	126,37	126,21	158165
08042026 170000	126,28	126,17	126,21	126,17	103799
08042026 180000	126,25	126,15	126,17	126,22	37634
08042026 190000	126,26	126,16	126,23	126,21	15243
08042026 200000	126,27	126,00	126,20	126,04	15971
08042026 210000	126,15	126,00	126,04	126,14	6715
09042026 020000	126,09	125,93	126,01	125,97	3383
09042026 030000	125,99	125,90	125,97	125,99	5156
09042026 040000	126,00	125,95	125,99	125,95	1646
09042026 050000	126,00	125,94	125,94	125,99	1177
09042026 060000	126,04	126,00	126,00	126,03	941
09042026 070000	126,09	126,01	126,04	126,05	3203
09042026 080000	126,10	125,93	126,05	126,01	33476
09042026 090000	126,01	125,83	126,01	125,94	101841
09042026 100000	125,94	125,67	125,94	125,68	111919
09042026 110000	125,83	125,67	125,69	125,81	88545
09042026 120000	125,83	125,74	125,82	125,75	69236
09042026 130000	125,87	125,74	125,76	125,86	70888
09042026 140000	125,88	125,57	125,86	125,58	147248
09042026 150000	125,62	125,41	125,58	125,44	142860
09042026 160000	125,48	125,32	125,44	125,36	119713
09042026 170000	125,78	125,31	125,36	125,75	191512
09042026 180000	125,83	125,74	125,75	125,81	44386
09042026 190000	125,88	125,80	125,81	125,82	14330
09042026 200000	125,83	125,61	125,82	125,61	18076
09042026 210000	125,64	125,57	125,62	125,58	8590
09042026 220000	125,58	125,58	125,58	125,58	1
10042026 020000	125,62	125,52	125,59	125,55	2463
10042026 030000	125,59	125,53	125,56	125,55	2137
10042026 040000	125,55	125,52	125,55	125,53	648
10042026 050000	125,55	125,49	125,53	125,52	1059
10042026 060000	125,52	125,49	125,52	125,49	1244
10042026 070000	125,49	125,41	125,49	125,46	3649
10042026 080000	125,59	125,45	125,46	125,58	22985
10042026 090000	125,58	125,40	125,57	125,42	61678
10042026 100000	125,47	125,25	125,43	125,26	78408
10042026 110000	125,43	125,23	125,26	125,36	99547
10042026 120000	125,42	125,31	125,36	125,36	65400
10042026 130000	125,41	125,26	125,36	125,34	63025
10042026 140000	125,44	125,23	125,34	125,24	76465
10042026 150000	125,28	125,12	125,23	125,18	93708
10042026 160000	125,23	125,11	125,18	125,15	91733
10042026 170000	125,23	125,05	125,15	125,07	92381
10042026 180000	125,09	125,02	125,07	125,08	36057
10042026 190000	125,08	125,04	125,08	125,08	9235
10042026 200000	125,17	125,06	125,08	125,13	6699
10042026 210000	125,17	125,10	125,13	125,12	4559
13042026 020000	124,78	124,68	124,72	124,78	3977
13042026 030000	124,82	124,76	124,78	124,81	1686
13042026 040000	124,83	124,78	124,82	124,80	1266
13042026 050000	124,84	124,79	124,81	124,81	962
13042026 060000	124,87	124,81	124,82	124,85	1410
13042026 070000	124,87	124,80	124,86	124,84	5035
13042026 080000	124,95	124,82	124,84	124,94	34278
13042026 090000	125,13	124,92	124,95	125,09	87957
13042026 100000	125,13	124,95	125,09	125,00	70669
13042026 110000	125,01	124,93	124,99	124,98	60358
13042026 120000	125,00	124,90	124,99	124,93	48621
13042026 130000	124,97	124,69	124,94	124,70	81099
13042026 140000	124,91	124,68	124,70	124,86	76866
13042026 150000	125,09	124,83	124,86	124,96	123346
13042026 160000	124,98	124,75	124,96	124,78	89477
13042026 170000	124,80	124,68	124,77	124,72	95355
13042026 180000	125,05	124,68	124,71	124,97	81026
13042026 190000	125,05	124,97	124,97	125,02	9582
13042026 200000	125,09	125,01	125,01	125,08	7783
13042026 210000	125,09	125,02	125,08	125,04	6716
14042026 020000	125,20	125,09	125,09	125,16	3640
14042026 030000	125,17	125,11	125,16	125,13	1149
14042026 040000	125,17	125,12	125,13	125,15	993
14042026 050000	125,22	125,11	125,15	125,20	1994
14042026 060000	125,24	125,18	125,19	125,23	2468
14042026 070000	125,25	125,15	125,23	125,15	4363
14042026 080000	125,17	125,06	125,16	125,09	33280
14042026 090000	125,23	125,05	125,09	125,14	117756
14042026 100000	125,18	125,09	125,14	125,12	80987
14042026 110000	125,15	125,03	125,12	125,08	76357
14042026 120000	125,14	125,00	125,09	125,00	84430
14042026 130000	125,04	124,88	125,00	125,01	158848
14042026 140000	125,08	124,96	125,02	125,02	121188
14042026 150000	125,12	124,98	125,02	125,09	85814
14042026 160000	125,38	125,10	125,10	125,33	186323
14042026 170000	125,43	125,30	125,33	125,42	114960
14042026 180000	125,47	125,40	125,41	125,46	25598
14042026 190000	125,51	125,43	125,46	125,48	9411
14042026 200000	125,53	125,48	125,49	125,50	6242
14042026 210000	125,54	125,50	125,50	125,53	3928
15042026 020000	125,63	125,56	125,57	125,59	2379
15042026 030000	125,62	125,57	125,58	125,59	871
15042026 040000	125,60	125,53	125,59	125,57	1382
15042026 050000	125,60	125,55	125,57	125,59	765
15042026 060000	125,60	125,53	125,59	125,56	1125
15042026 070000	125,59	125,54	125,55	125,57	3297
15042026 080000	125,67	125,55	125,57	125,63	43194
15042026 090000	125,68	125,43	125,63	125,45	91488
15042026 100000	125,54	125,43	125,45	125,53	84676
15042026 110000	125,55	125,35	125,54	125,41	127799
15042026 120000	125,45	125,29	125,41	125,38	102057
15042026 130000	125,40	125,18	125,39	125,23	143241
15042026 140000	125,34	125,17	125,22	125,32	90720
15042026 150000	125,42	125,30	125,33	125,38	94811
15042026 160000	125,42	125,30	125,39	125,32	77608
15042026 170000	125,33	125,21	125,32	125,23	98630
15042026 180000	125,28	125,17	125,23	125,22	44400
15042026 190000	125,26	125,21	125,22	125,21	7528
15042026 200000	125,28	125,17	125,20	125,25	9618
15042026 210000	125,29	125,24	125,25	125,26	7422
16042026 020000	125,41	125,33	125,34	125,39	1783
16042026 030000	125,42	125,37	125,39	125,37	1602
16042026 040000	125,41	125,35	125,37	125,40	1133
16042026 050000	125,47	125,39	125,40	125,43	1328
16042026 060000	125,42	125,38	125,42	125,39	582
16042026 070000	125,42	125,36	125,40	125,38	3219
16042026 080000	125,61	125,36	125,39	125,61	42061
16042026 090000	125,62	125,49	125,62	125,50	88048
16042026 100000	125,52	125,41	125,50	125,42	104252
16042026 110000	125,48	125,39	125,42	125,40	69344
16042026 120000	125,57	125,40	125,41	125,57	65758
16042026 130000	125,75	125,57	125,57	125,74	100630
16042026 140000	125,75	125,61	125,74	125,65	102433
16042026 150000	125,69	125,40	125,65	125,48	109664
16042026 160000	125,57	125,35	125,48	125,38	123253
16042026 170000	125,48	125,25	125,37	125,39	129761
16042026 180000	125,41	125,24	125,39	125,27	39807
16042026 190000	125,27	125,14	125,26	125,17	18111
16042026 200000	125,22	125,17	125,18	125,19	10366
16042026 210000	125,22	125,18	125,18	125,19	4887
17042026 020000	125,25	125,17	125,19	125,22	2135
17042026 030000	125,21	125,17	125,21	125,19	599
17042026 040000	125,20	125,18	125,19	125,19	224
17042026 050000	125,20	125,11	125,19	125,12	776
17042026 060000	125,18	125,11	125,12	125,18	2031
17042026 070000	125,23	125,14	125,18	125,23	4105
17042026 080000	125,26	125,16	125,22	125,24	18381
17042026 090000	125,40	125,23	125,23	125,38	56929
17042026 100000	125,44	125,34	125,38	125,44	59391
17042026 110000	125,48	125,39	125,43	125,45	53537
17042026 120000	125,48	125,42	125,45	125,46	42620
17042026 130000	125,47	125,33	125,46	125,41	73600
17042026 140000	126,12	125,39	125,41	126,11	257465
17042026 150000	126,17	125,93	126,11	126,05	281496
17042026 160000	126,26	126,02	126,05	126,17	205110
17042026 170000	126,18	126,04	126,18	126,10	177177
17042026 180000	126,22	126,09	126,10	126,16	35001
17042026 190000	126,17	126,01	126,17	126,04	24784
17042026 200000	126,07	126,00	126,04	126,02	6061
17042026 210000	126,07	126,00	126,02	126,05	5180
20042026 020000	125,83	125,72	125,76	125,80	5355
20042026 030000	125,89	125,79	125,80	125,87	2904
20042026 040000	125,87	125,82	125,87	125,84	1327
20042026 050000	125,86	125,82	125,84	125,83	1621
20042026 060000	125,83	125,77	125,83	125,81	2971
20042026 070000	125,82	125,71	125,82	125,77	7891
20042026 080000	125,81	125,70	125,77	125,80	48822
20042026 090000	125,83	125,67	125,80	125,72	111898
20042026 100000	125,76	125,66	125,72	125,76	93356
20042026 110000	125,85	125,76	125,77	125,78	94899
20042026 120000	125,87	125,74	125,78	125,77	78449
20042026 130000	125,93	125,69	125,76	125,89	91556
20042026 140000	125,95	125,83	125,88	125,88	110415
20042026 150000	126,01	125,82	125,87	125,94	151316
20042026 160000	125,95	125,71	125,95	125,84	175225
20042026 170000	125,99	125,81	125,85	125,90	141380
20042026 180000	125,93	125,85	125,91	125,90	33978
20042026 190000	125,96	125,90	125,90	125,92	10164
20042026 200000	125,96	125,90	125,93	125,95	8957
20042026 210000	125,96	125,93	125,95	125,94	3852
21042026 020000	125,98	125,91	125,97	125,94	1943
21042026 030000	125,97	125,90	125,93	125,94	1081
21042026 040000	125,97	125,93	125,94	125,97	586
21042026 050000	125,98	125,94	125,98	125,97	506
21042026 060000	126,01	125,97	125,97	126,01	722
21042026 070000	126,17	126,01	126,01	126,07	10524
21042026 080000	126,07	126,01	126,06	126,05	23719
21042026 090000	126,15	125,91	126,06	126,02	78491
21042026 100000	126,10	125,92	126,01	126,00	75534
21042026 110000	126,04	125,94	126,01	125,96	65437
21042026 120000	126,02	125,92	125,96	125,99	58399
21042026 130000	126,01	125,86	125,99	125,98	79431
21042026 140000	126,00	125,87	125,99	125,92	85026
21042026 150000	126,02	125,82	125,91	125,96	88099
21042026 160000	125,95	125,58	125,95	125,59	119644
21042026 170000	125,71	125,56	125,59	125,66	128371
21042026 180000	125,73	125,58	125,67	125,60	40461
21042026 190000	125,69	125,46	125,60	125,59	49240
21042026 200000	125,65	125,48	125,59	125,62	25769
21042026 210000	125,71	125,33	125,62	125,35	33517
22042026 020000	125,69	125,56	125,59	125,63	2649
22042026 030000	125,67	125,60	125,64	125,62	2629
22042026 040000	125,63	125,59	125,61	125,61	626
22042026 050000	125,64	125,56	125,60	125,63	1053
22042026 060000	125,67	125,61	125,62	125,62	2399
22042026 070000	125,80	125,61	125,62	125,72	10152
22042026 080000	125,80	125,66	125,72	125,79	26525
22042026 090000	125,81	125,67	125,78	125,72	65913
22042026 100000	125,75	125,54	125,72	125,67	89635
22042026 110000	125,77	125,64	125,67	125,73	109317
22042026 120000	125,78	125,65	125,74	125,71	68027
22042026 130000	125,80	125,68	125,71	125,76	69101
22042026 140000	125,84	125,65	125,76	125,66	118769
22042026 150000	125,81	125,65	125,66	125,78	134427
22042026 160000	125,84	125,68	125,77	125,70	107741
22042026 170000	125,74	125,60	125,71	125,61	96934
22042026 180000	125,64	125,48	125,61	125,49	31574
22042026 190000	125,59	125,48	125,48	125,58	12996
22042026 200000	125,57	125,52	125,57	125,54	6919
22042026 210000	125,56	125,51	125,54	125,51	4609
23042026 020000	125,42	125,06	125,22	125,41	7730
23042026 030000	125,40	125,34	125,40	125,36	1343
23042026 040000	125,36	125,24	125,36	125,27	2203
23042026 050000	125,28	125,24	125,27	125,25	1709
23042026 060000	125,28	125,23	125,25	125,28	924
23042026 070000	125,30	125,22	125,28	125,29	3346
23042026 080000	125,37	125,24	125,29	125,34	37083
23042026 090000	125,55	125,30	125,33	125,52	96245
23042026 100000	125,52	125,38	125,51	125,43	90028
23042026 110000	125,49	125,32	125,42	125,42	103868
23042026 120000	125,52	125,40	125,42	125,52	62051
23042026 130000	125,57	125,38	125,52	125,54	95270
23042026 140000	125,71	125,51	125,53	125,63	128335
23042026 150000	125,66	125,51	125,63	125,57	98436
23042026 160000	125,63	125,50	125,57	125,62	91756
23042026 170000	125,67	125,51	125,61	125,60	105836
23042026 180000	125,66	125,57	125,60	125,62	28736
23042026 190000	125,62	124,99	125,62	125,25	102598
23042026 200000	125,41	125,25	125,25	125,30	38657
23042026 210000	125,37	125,27	125,30	125,34	8050
23042026 220000	125,34	125,34	125,34	125,34	1
24042026 020000	125,38	125,23	125,35	125,27	5368
24042026 030000	125,32	125,24	125,27	125,30	1122
24042026 040000	125,30	125,23	125,30	125,24	1890
24042026 050000	125,25	125,20	125,24	125,22	1222
24042026 060000	125,28	125,20	125,22	125,27	1517
24042026 070000	125,34	125,23	125,28	125,32	3375
24042026 080000	125,36	125,26	125,33	125,34	31632
24042026 090000	125,44	125,31	125,34	125,38	68654
24042026 100000	125,41	125,24	125,37	125,29	88621
24042026 110000	125,39	125,28	125,28	125,34	74761
24042026 120000	125,40	125,32	125,34	125,37	62455
24042026 130000	125,66	125,37	125,38	125,56	200772
24042026 140000	125,60	125,45	125,56	125,56	114752
24042026 150000	125,62	125,38	125,57	125,56	129945
24042026 160000	125,72	125,52	125,55	125,70	130966
24042026 170000	125,84	125,60	125,69	125,74	147723
24042026 180000	125,77	125,68	125,75	125,74	30083
24042026 190000	125,81	125,69	125,74	125,73	14240
24042026 200000	125,73	125,68	125,72	125,71	4137
24042026 210000	125,76	125,71	125,71	125,72	4421
27042026 020000	125,61	125,55	125,61	125,59	2645
27042026 030000	125,69	125,59	125,59	125,66	2166
27042026 040000	125,68	125,64	125,67	125,65	502
27042026 050000	125,66	125,58	125,64	125,58	1459
27042026 060000	125,59	125,52	125,57	125,54	1770
27042026 070000	125,55	125,48	125,54	125,53	3245
27042026 080000	125,59	125,50	125,52	125,57	23141
27042026 090000	125,60	125,49	125,57	125,53	54573
27042026 100000	125,64	125,49	125,52	125,59	60197
27042026 110000	125,64	125,53	125,60	125,57	84756
27042026 120000	125,73	125,53	125,56	125,69	66666
27042026 130000	125,73	125,63	125,69	125,65	41898
27042026 140000	125,68	125,50	125,66	125,52	64654
27042026 150000	125,56	125,41	125,52	125,49	125962
27042026 160000	125,54	125,45	125,48	125,46	92218
27042026 170000	125,46	125,31	125,46	125,38	104738
27042026 180000	125,41	125,34	125,39	125,35	25090
27042026 190000	125,35	125,21	125,35	125,31	14331
27042026 200000	125,36	125,28	125,31	125,32	4973
27042026 210000	125,36	125,31	125,33	125,32	5800
28042026 020000	125,36	125,29	125,33	125,29	1243
28042026 030000	125,29	125,21	125,28	125,22	1328
28042026 040000	125,23	125,18	125,22	125,18	884
28042026 050000	125,24	125,18	125,18	125,24	2244
28042026 060000	125,25	125,22	125,23	125,25	884
28042026 070000	125,25	125,18	125,25	125,21	2679
28042026 080000	125,26	125,16	125,20	125,20	27714
28042026 090000	125,22	125,12	125,19	125,21	84524
28042026 100000	125,21	124,87	125,21	125,12	215656
28042026 110000	125,15	125,06	125,12	125,13	99050
28042026 120000	125,23	125,13	125,13	125,18	82152
28042026 130000	125,18	124,90	125,17	124,97	156370
28042026 140000	125,05	124,84	124,98	125,02	181240
28042026 150000	125,15	124,99	125,02	125,07	122586
28042026 160000	125,09	124,94	125,08	125,09	145212
28042026 170000	125,15	124,99	125,09	125,05	92857
28042026 180000	125,07	125,00	125,05	125,03	25381
28042026 190000	125,04	124,96	125,04	124,96	10268
28042026 200000	125,01	124,95	124,96	125,00	7281
28042026 210000	125,02	124,98	125,00	125,01	3624
28042026 220000	125,01	125,01	125,01	125,01	1
29042026 020000	125,07	125,00	125,03	125,03	1390
29042026 030000	125,05	124,92	125,03	125,02	2072
29042026 040000	125,11	125,02	125,02	125,08	1572
29042026 050000	125,12	125,07	125,07	125,12	1241
29042026 060000	125,13	125,09	125,12	125,09	589
29042026 070000	125,10	125,04	125,09	125,07	2865
29042026 080000	125,14	125,03	125,07	125,11	29943
29042026 090000	125,16	124,92	125,11	124,95	75097
29042026 100000	125,07	124,84	124,95	124,90	134843
29042026 110000	124,96	124,78	124,90	124,80	140263
29042026 120000	125,02	124,78	124,79	124,98	86129
29042026 130000	125,03	124,92	124,98	124,96	65465
29042026 140000	124,99	124,90	124,96	124,95	69209
29042026 150000	125,03	124,69	124,95	124,77	148819
29042026 160000	124,87	124,77	124,77	124,80	113608
29042026 170000	124,81	124,53	124,80	124,61	147086
29042026 180000	124,69	124,57	124,61	124,64	45403
29042026 190000	124,67	124,60	124,64	124,64	20393
29042026 200000	124,66	124,47	124,64	124,56	27533
29042026 210000	124,62	124,52	124,56	124,55	9852
30042026 020000	124,59	124,53	124,53	124,57	3055
30042026 030000	124,61	124,56	124,56	124,61	2134
30042026 040000	124,62	124,50	124,61	124,53	2580
30042026 050000	124,53	124,46	124,52	124,51	1512
30042026 060000	124,51	124,40	124,51	124,44	2668
30042026 070000	124,50	124,42	124,45	124,48	3137
30042026 080000	124,57	124,41	124,47	124,52	36093
30042026 090000	124,69	124,49	124,51	124,64	101093
30042026 100000	124,70	124,61	124,64	124,64	89497
30042026 110000	124,80	124,59	124,64	124,78	113635
30042026 120000	124,87	124,78	124,78	124,87	88235
30042026 130000	125,05	124,87	124,87	125,02	116647
30042026 140000	125,24	124,98	125,01	125,17	137337
30042026 150000	125,29	125,13	125,17	125,21	168991
30042026 160000	125,42	125,19	125,22	125,36	280607
30042026 170000	125,46	125,29	125,36	125,31	292439
30042026 180000	125,36	125,29	125,31	125,31	36280
30042026 190000	125,36	125,29	125,31	125,33	9216
30042026 200000	125,35	125,26	125,33	125,28	11125
30042026 210000	125,36	125,23	125,28	125,27	11584
04052026 020000	125,51	125,40	125,43	125,50	4749
04052026 030000	125,51	125,41	125,51	125,42	2273
04052026 040000	125,42	125,36	125,42	125,38	817
04052026 050000	125,39	125,34	125,38	125,37	811
04052026 060000	125,39	125,34	125,37	125,35	743
04052026 070000	125,47	125,35	125,36	125,42	6158
04052026 080000	125,45	125,18	125,43	125,19	38634
04052026 090000	125,20	125,09	125,19	125,14	61185
04052026 100000	125,21	125,11	125,14	125,13	56119
04052026 110000	125,16	125,07	125,12	125,09	37718
04052026 120000	125,11	124,82	125,10	124,95	156651
04052026 130000	125,11	124,95	124,96	125,10	61442
04052026 140000	125,27	125,10	125,10	125,20	69387
04052026 150000	125,31	125,09	125,20	125,10	95742
04052026 160000	125,20	125,04	125,09	125,04	63145
04052026 170000	125,08	124,76	125,03	124,81	132663
04052026 180000	124,84	124,68	124,82	124,79	60292
04052026 190000	124,92	124,78	124,80	124,89	12626
04052026 200000	124,92	124,82	124,89	124,87	9609
04052026 210000	124,95	124,87	124,88	124,88	12155
05052026 020000	124,92	124,88	124,91	124,88	1217
05052026 030000	124,92	124,85	124,89	124,91	1305
05052026 040000	124,94	124,90	124,91	124,92	1055
05052026 050000	124,94	124,90	124,92	124,92	585
05052026 060000	124,96	124,90	124,92	124,91	2490
05052026 070000	124,99	124,88	124,92	124,95	2792
05052026 080000	125,01	124,85	124,96	124,95	32836
05052026 090000	125,03	124,88	124,95	124,95	81883
05052026 100000	125,09	124,95	124,95	125,04	83172
05052026 110000	125,08	124,96	125,05	124,99	61851
05052026 120000	125,01	124,86	124,99	124,87	65066
05052026 130000	124,88	124,74	124,87	124,80	87644
05052026 140000	124,99	124,75	124,79	124,87	102269
05052026 150000	124,95	124,85	124,87	124,91	90395
05052026 160000	125,04	124,86	124,92	124,92	141644
05052026 170000	125,08	124,91	124,93	125,05	169774
05052026 180000	125,11	125,02	125,06	125,04	58754
05052026 190000	125,08	125,03	125,04	125,06	9851
05052026 200000	125,08	125,04	125,06	125,06	5758
05052026 210000	125,06	125,02	125,06	125,05	5909
06052026 020000	125,16	125,08	125,16	125,13	3423
06052026 030000	125,19	125,12	125,14	125,17	1400
06052026 040000	125,17	125,12	125,16	125,13	669
06052026 050000	125,26	125,12	125,13	125,21	5662
06052026 060000	125,28	125,20	125,21	125,24	1884
06052026 070000	125,35	125,20	125,25	125,33	4871
06052026 080000	125,39	125,29	125,33	125,33	43120
06052026 090000	125,53	125,26	125,34	125,53	118011
06052026 100000	125,88	125,43	125,52	125,78	222450
06052026 110000	125,81	125,63	125,79	125,75	167880
06052026 120000	126,05	125,70	125,75	125,98	194269
06052026 130000	125,99	125,73	125,97	125,73	200219
06052026 140000	125,77	125,57	125,72	125,76	193708
06052026 150000	125,82	125,66	125,75	125,75	133887
06052026 160000	125,82	125,68	125,75	125,78	152642
06052026 170000	125,79	125,67	125,77	125,71	130826
06052026 180000	125,78	125,65	125,70	125,70	46072
06052026 190000	125,76	125,68	125,69	125,73	9160
06052026 200000	125,76	125,73	125,73	125,73	5897
06052026 210000	125,80	125,73	125,73	125,77	6354
07052026 020000	125,79	125,69	125,79	125,74	2985
07052026 030000	125,85	125,73	125,74	125,79	2042
07052026 040000	125,80	125,74	125,79	125,75	930
07052026 050000	125,76	125,71	125,75	125,72	733
07052026 060000	125,77	125,70	125,71	125,74	875
07052026 070000	125,77	125,69	125,75	125,73	5173
07052026 080000	126,12	125,74	125,74	125,97	62503
07052026 090000	126,07	125,85	125,96	125,93	139403
07052026 100000	125,98	125,77	125,93	125,80	159669
07052026 110000	125,83	125,73	125,80	125,78	105630
07052026 120000	125,87	125,77	125,77	125,84	65518
07052026 130000	125,96	125,84	125,84	125,93	52919
07052026 140000	126,14	125,87	125,93	126,11	111135
07052026 150000	126,11	125,86	126,10	125,94	147075
07052026 160000	125,94	125,81	125,94	125,88	101699
07052026 170000	125,88	125,68	125,87	125,70	148272
07052026 180000	125,70	125,58	125,70	125,60	56037
07052026 190000	125,62	125,40	125,61	125,54	43053
07052026 200000	125,58	125,47	125,54	125,56	17087
07052026 210000	125,58	125,46	125,56	125,51	16789
08052026 020000	125,59	125,51	125,56	125,59	2140
08052026 030000	125,61	125,58	125,59	125,59	1533
08052026 040000	125,59	125,52	125,59	125,55	1996
08052026 050000	125,57	125,53	125,55	125,55	1299
08052026 060000	125,57	125,50	125,54	125,56	2047
08052026 070000	125,62	125,55	125,57	125,59	4774
08052026 080000	125,68	125,54	125,60	125,63	24363
08052026 090000	125,65	125,51	125,63	125,58	70022
08052026 100000	125,72	125,51	125,58	125,69	96869
08052026 110000	125,73	125,58	125,69	125,63	70342
08052026 120000	125,69	125,61	125,63	125,68	55469
08052026 130000	125,70	125,57	125,68	125,64	65934
08052026 140000	125,78	125,57	125,65	125,71	98836
08052026 150000	125,83	125,66	125,71	125,78	100271
08052026 160000	125,81	125,70	125,78	125,72	77851
08052026 170000	125,73	125,64	125,71	125,67	73891
08052026 180000	125,71	125,66	125,68	125,67	20596
08052026 190000	125,72	125,68	125,68	125,71	4917
08052026 200000	125,76	125,70	125,70	125,71	9630
08052026 210000	125,76	125,68	125,71	125,74	3539
11052026 020000	125,53	125,37	125,49	125,46	4202
11052026 030000	125,49	125,44	125,46	125,45	2643
11052026 040000	125,48	125,42	125,45	125,44	970
11052026 050000	125,44	125,41	125,44	125,42	1140
11052026 060000	125,44	125,39	125,43	125,39	1322
11052026 070000	125,42	125,37	125,38	125,40	2898
11052026 080000	125,58	125,35	125,41	125,56	35696
11052026 090000	125,61	125,47	125,56	125,51	70782
11052026 100000	125,62	125,50	125,52	125,51	61108
11052026 110000	125,52	125,38	125,51	125,39	63838
11052026 120000	125,51	125,37	125,38	125,44	90800
11052026 130000	125,47	125,36	125,43	125,38	47160
11052026 140000	125,46	125,32	125,39	125,38	88566
11052026 150000	125,47	125,38	125,38	125,43	80386
11052026 160000	125,42	125,27	125,42	125,29	94345
11052026 170000	125,35	125,26	125,30	125,32	97120
11052026 180000	125,33	125,18	125,32	125,21	25826
11052026 190000	125,23	125,19	125,21	125,22	4584
11052026 200000	125,24	125,19	125,22	125,19	5647
11052026 210000	125,20	125,18	125,18	125,19	4715
12052026 020000	125,20	125,12	125,18	125,13	2616
12052026 030000	125,14	125,05	125,13	125,08	3743
12052026 040000	125,09	125,06	125,08	125,08	507
12052026 050000	125,09	125,07	125,07	125,08	1020
12052026 060000	125,09	125,07	125,08	125,07	1035
12052026 070000	125,10	125,04	125,06	125,06	3256
12052026 080000	125,06	124,84	125,06	124,86	47714
12052026 090000	124,92	124,81	124,86	124,81	101366
12052026 100000	124,88	124,76	124,81	124,87	120554
12052026 110000	124,87	124,79	124,86	124,86	102945
12052026 120000	124,95	124,84	124,86	124,94	103157
12052026 130000	124,97	124,79	124,93	124,81	89490
12052026 140000	124,91	124,75	124,81	124,84	165086
12052026 150000	124,86	124,69	124,84	124,73	135582
12052026 160000	124,79	124,69	124,73	124,76	110085
12052026 170000	124,82	124,72	124,76	124,74	106226
12052026 180000	124,74	124,68	124,73	124,72	35588
12052026 190000	124,75	124,68	124,72	124,70	10261
12052026 200000	124,70	124,64	124,69	124,66	11405
12052026 210000	124,69	124,65	124,66	124,65	6687
13052026 020000	124,68	124,59	124,60	124,68	1688
13052026 030000	124,70	124,67	124,69	124,68	1154
13052026 040000	124,72	124,69	124,69	124,71	1571
13052026 050000	124,75	124,70	124,70	124,72	2869
13052026 060000	124,76	124,73	124,73	124,75	1279
13052026 070000	124,76	124,72	124,75	124,72	3991
13052026 080000	124,84	124,70	124,71	124,82	28237
13052026 090000	124,87	124,79	124,82	124,81	71051
13052026 100000	124,83	124,77	124,81	124,79	80994
13052026 110000	124,82	124,73	124,79	124,79	94518
13052026 120000	124,83	124,68	124,79	124,71	76762
13052026 130000	124,73	124,63	124,70	124,70	87122
13052026 140000	124,76	124,57	124,70	124,68	133564
13052026 150000	124,75	124,65	124,69	124,70	116566
13052026 160000	124,71	124,61	124,70	124,66	90582
13052026 170000	124,75	124,62	124,65	124,74	104533
13052026 180000	124,91	124,72	124,73	124,84	55162
13052026 190000	124,85	124,81	124,84	124,82	6129
13052026 200000	124,83	124,80	124,82	124,82	4379
13052026 210000	124,87	124,82	124,82	124,85	9796
14052026 020000	124,96	124,84	124,84	124,96	2029
14052026 030000	124,97	124,93	124,95	124,93	1233
14052026 040000	124,96	124,92	124,94	124,92	925
14052026 050000	124,95	124,91	124,93	124,91	818
14052026 060000	124,91	124,87	124,91	124,88	840
14052026 070000	124,88	124,81	124,88	124,82	2343
14052026 080000	125,03	124,80	124,82	124,92	34653
14052026 090000	125,00	124,80	124,92	124,84	93227
14052026 100000	124,97	124,82	124,83	124,93	59162
14052026 110000	125,07	124,91	124,93	125,01	82611
14052026 120000	125,09	124,97	125,01	125,04	83226
14052026 130000	125,17	125,01	125,04	125,10	73872
14052026 140000	125,21	125,10	125,10	125,21	82062
14052026 150000	125,29	125,17	125,21	125,21	87805
14052026 160000	125,29	125,10	125,21	125,28	78237
14052026 170000	125,31	125,21	125,27	125,31	89847
14052026 180000	125,34	125,26	125,31	125,28	36335
14052026 190000	125,30	125,25	125,28	125,25	6752
14052026 200000	125,25	125,16	125,25	125,18	8130
14052026 210000	125,17	125,03	125,17	125,04	9476
15052026 020000	125,03	124,95	124,99	124,96	5282
15052026 030000	124,98	124,79	124,96	124,81	7848
15052026 040000	124,87	124,80	124,81	124,84	2550
15052026 050000	124,86	124,79	124,84	124,82	2535
15052026 060000	124,82	124,65	124,82	124,71	8437
15052026 070000	124,74	124,65	124,71	124,73	10508
15052026 080000	124,77	124,68	124,72	124,76	49309
15052026 090000	124,88	124,75	124,75	124,82	82712
15052026 100000	124,82	124,65	124,82	124,68	96555
15052026 110000	124,68	124,53	124,68	124,55	97908
15052026 120000	124,73	124,54	124,55	124,67	115162
15052026 130000	124,68	124,47	124,66	124,49	62546
15052026 140000	124,50	124,37	124,48	124,40	118829
15052026 150000	124,44	124,24	124,41	124,26	123658
15052026 160000	124,38	124,23	124,26	124,33	121037
15052026 170000	124,32	124,06	124,32	124,12	132291
15052026 180000	124,13	124,05	124,12	124,06	34243
15052026 190000	124,08	124,02	124,05	124,03	18039
15052026 200000	124,04	123,98	124,03	124,01	10273
15052026 210000	124,02	123,92	124,02	123,94	10508
18052026 020000	124,02	123,87	123,90	123,88	3365
18052026 030000	123,91	123,74	123,89	123,77	8771
18052026 040000	123,78	123,74	123,76	123,78	2748
18052026 050000	123,81	123,76	123,78	123,80	2178
18052026 060000	123,84	123,79	123,80	123,82	2428
18052026 070000	123,90	123,81	123,82	123,88	5972
18052026 080000	124,02	123,87	123,88	123,98	38874
18052026 090000	124,10	123,84	123,98	124,08	132121
18052026 100000	124,20	124,05	124,08	124,16	94882
18052026 110000	124,16	124,04	124,15	124,05	91388
18052026 120000	124,07	123,98	124,05	124,04	60905
18052026 130000	124,27	123,95	124,04	124,20	125430
18052026 140000	124,48	124,13	124,19	124,40	158957
18052026 150000	124,54	124,33	124,40	124,49	159636
18052026 160000	124,50	124,22	124,49	124,27	128335
18052026 170000	124,35	124,14	124,27	124,32	157210
18052026 180000	124,38	124,21	124,32	124,28	41982
18052026 190000	124,34	124,24	124,28	124,30	8647
18052026 200000	124,29	124,11	124,29	124,13	15526
18052026 210000	124,44	124,12	124,13	124,34	37057
19052026 020000	124,39	124,32	124,39	124,34	3303
19052026 030000	124,40	124,31	124,34	124,33	2553
19052026 040000	124,34	124,30	124,33	124,31	981
19052026 050000	124,32	124,27	124,30	124,28	1186
19052026 060000	124,29	124,23	124,27	124,26	1996
19052026 070000	124,26	124,19	124,25	124,19	3701
19052026 080000	124,35	124,18	124,19	124,31	23654
19052026 090000	124,41	124,26	124,30	124,38	73270
19052026 100000	124,40	124,25	124,37	124,32	70708
19052026 110000	124,33	124,20	124,31	124,23	79400
19052026 120000	124,24	124,07	124,23	124,18	103519
19052026 130000	124,19	124,10	124,18	124,12	88074
19052026 140000	124,20	124,10	124,11	124,16	120337
19052026 150000	124,19	123,82	124,16	124,01	241085
19052026 160000	124,10	123,86	124,01	123,89	191751
19052026 170000	124,04	123,89	123,90	123,90	108232
19052026 180000	123,99	123,81	123,90	123,95	43405
19052026 190000	124,01	123,94	123,95	123,99	17504
19052026 200000	124,02	123,83	123,99	123,88	15686
19052026 210000	123,96	123,88	123,88	123,93	6190
20052026 020000	124,05	123,96	124,00	124,00	2692
20052026 030000	124,01	123,86	123,99	123,96	4325
20052026 040000	124,02	123,93	123,97	123,97	1794
20052026 050000	124,03	123,93	123,96	124,02	1818
20052026 060000	124,08	123,98	124,03	123,99	2153
20052026 070000	124,05	123,95	123,99	123,97	4033
20052026 080000	124,15	123,94	123,97	124,08	42582
20052026 090000	124,12	124,00	124,08	124,05	67753
20052026 100000	124,22	124,04	124,05	124,21	109176
20052026 110000	124,21	124,13	124,21	124,17	106127
20052026 120000	124,29	124,16	124,17	124,22	71072
20052026 130000	124,29	124,17	124,22	124,17	81104
20052026 140000	124,34	124,16	124,17	124,28	98868
20052026 150000	124,37	124,26	124,27	124,32	122834
20052026 160000	124,75	124,24	124,33	124,72	308045
20052026 170000	125,12	124,70	124,72	124,82	273836
20052026 180000	124,92	124,76	124,81	124,88	48043
20052026 190000	125,00	124,87	124,87	124,90	26193
20052026 200000	124,99	124,87	124,90	124,96	11733
20052026 210000	125,05	124,93	124,96	124,95	13606
21052026 020000	124,88	124,77	124,81	124,87	3560
21052026 030000	125,01	124,87	124,88	124,98	3674
21052026 040000	124,99	124,91	124,98	124,91	1391
21052026 050000	124,92	124,88	124,91	124,89	1752
21052026 060000	124,90	124,86	124,88	124,90	3237
21052026 070000	124,90	124,76	124,89	124,79	6902
21052026 080000	124,88	124,71	124,79	124,72	36581
21052026 090000	125,01	124,71	124,73	124,90	121336
21052026 100000	125,12	124,89	124,89	124,90	152630
21052026 110000	125,06	124,89	124,90	124,96	98735
21052026 120000	124,97	124,60	124,96	124,63	177977
21052026 130000	124,84	124,63	124,64	124,80	95244
21052026 140000	124,88	124,67	124,80	124,80	125923
21052026 150000	124,94	124,63	124,79	124,92	147706
21052026 160000	124,95	124,77	124,93	124,88	105486
21052026 170000	124,88	124,73	124,88	124,81	106626
21052026 180000	124,93	124,81	124,82	124,90	35542
21052026 190000	125,33	124,88	124,91	125,25	81162
21052026 200000	125,29	124,98	125,25	125,02	50196
21052026 210000	125,20	125,01	125,01	125,18	14802
22052026 020000	125,16	125,10	125,14	125,12	2397
22052026 030000	125,17	125,06	125,12	125,13	1547
22052026 040000	125,18	125,13	125,13	125,16	700
22052026 050000	125,20	125,15	125,17	125,16	874
22052026 060000	125,24	125,17	125,17	125,23	1082
22052026 070000	125,27	125,06	125,23	125,08	9398
22052026 080000	125,26	125,07	125,08	125,20	35069
22052026 090000	125,21	125,09	125,20	125,21	70939
22052026 100000	125,30	125,11	125,21	125,24	97712
22052026 110000	125,29	125,19	125,23	125,26	64111
22052026 120000	125,32	125,18	125,26	125,18	50868
22052026 130000	125,35	125,15	125,18	125,29	71382
22052026 140000	125,52	125,27	125,30	125,48	162255
22052026 150000	125,57	125,39	125,48	125,43	161296
22052026 160000	125,46	125,36	125,43	125,41	116615
22052026 170000	125,48	125,39	125,42	125,41	88736
22052026 180000	125,42	125,33	125,42	125,35	31809
22052026 190000	125,54	125,31	125,35	125,41	34153
22052026 200000	125,45	125,33	125,41	125,41	18230
22052026 210000	125,41	125,31	125,41	125,40	8893
25052026 020000	125,96	125,72	125,75	125,89	10179
25052026 030000	125,99	125,90	125,90	125,96	3055
25052026 040000	125,97	125,93	125,96	125,94	1442
25052026 050000	125,99	125,93	125,94	125,94	3808
25052026 060000	125,96	125,91	125,94	125,94	1629
25052026 070000	126,00	125,94	125,94	125,94	4219
25052026 080000	125,98	125,87	125,95	125,95	33737
25052026 090000	126,09	125,88	125,95	126,05	79881
25052026 100000	126,24	126,05	126,06	126,21	64389
25052026 110000	126,31	126,21	126,21	126,27	57655
25052026 120000	126,36	126,24	126,27	126,31	54569
25052026 130000	126,38	126,27	126,30	126,30	47681
25052026 140000	126,43	126,29	126,30	126,39	89918
25052026 150000	126,45	126,37	126,38	126,42	55272
25052026 160000	126,48	126,40	126,42	126,40	45870
25052026 170000	126,40	126,26	126,40	126,33	99098
25052026 180000	126,38	126,31	126,33	126,38	13736
25052026 190000	126,39	126,36	126,38	126,38	4737
25052026 200000	126,39	126,37	126,38	126,38	3628
25052026 210000	126,40	126,38	126,39	126,39	2154
26052026 020000	126,23	126,11	126,23	126,17	6906
26052026 030000	126,20	126,12	126,17	126,18	3696
26052026 040000	126,19	126,15	126,18	126,17	2329
26052026 050000	126,19	126,16	126,17	126,16	1546
26052026 060000	126,20	126,14	126,16	126,16	3896
26052026 070000	126,17	126,08	126,17	126,15	9130
26052026 080000	126,22	126,08	126,15	126,12	48504
26052026 090000	126,16	125,99	126,12	126,08	138901
26052026 100000	126,08	125,95	126,08	125,98	125277
26052026 110000	126,07	125,98	125,99	126,06	100901
26052026 120000	126,22	126,05	126,06	126,13	117577
26052026 130000	126,14	126,00	126,13	126,04	94273
26052026 140000	126,08	125,98	126,04	126,02	90971
26052026 150000	126,08	125,92	126,02	125,97	129274
26052026 160000	126,02	125,94	125,97	125,96	127564
26052026 170000	126,01	125,93	125,95	126,00	116737
26052026 180000	126,07	125,98	126,00	126,00	31586
26052026 190000	126,02	125,97	126,01	126,00	8523
26052026 200000	126,05	125,99	126,00	126,04	8508
26052026 210000	126,06	126,02	126,04	126,06	5775
27052026 020000	126,15	126,10	126,11	126,15	2695
27052026 030000	126,20	126,13	126,14	126,17	2382
27052026 040000	126,24	126,17	126,18	126,22	2312
27052026 050000	126,27	126,21	126,23	126,23	1396
27052026 060000	126,23	126,20	126,22	126,23	1083
27052026 070000	126,24	126,19	126,22	126,23	3826
27052026 080000	126,23	126,13	126,22	126,17	22222
27052026 090000	126,23	126,15	126,17	126,17	69124
27052026 100000	126,25	126,16	126,16	126,22	81603
27052026 110000	126,25	126,17	126,23	126,21	93281
27052026 120000	126,22	126,16	126,22	126,18	80406
27052026 130000	126,19	126,05	126,19	126,06	97291
27052026 140000	126,30	126,01	126,06	126,08	228972
27052026 150000	126,10	125,95	126,07	126,10	169640
27052026 160000	126,11	125,84	126,10	125,95	174062
27052026 170000	126,01	125,88	125,95	125,92	113574
27052026 180000	125,96	125,85	125,92	125,89	31999
27052026 190000	125,90	125,85	125,89	125,89	9266
27052026 200000	125,95	125,88	125,88	125,94	5569
27052026 210000	125,94	125,89	125,94	125,91	6502
28052026 020000	125,81	125,72	125,77	125,81	4942
28052026 030000	125,82	125,75	125,81	125,79	1671
28052026 040000	125,80	125,70	125,79	125,71	2199
28052026 050000	125,72	125,55	125,71	125,56	6955
28052026 060000	125,61	125,53	125,56	125,59	3989
28052026 070000	125,75	125,58	125,60	125,72	10189
28052026 080000	125,78	125,70	125,72	125,76	34971
28052026 090000	125,81	125,70	125,75	125,76	69561
28052026 100000	125,84	125,75	125,76	125,81	81971
28052026 110000	125,91	125,77	125,80	125,87	77738
28052026 120000	125,90	125,74	125,86	125,81	85953
28052026 130000	125,92	125,79	125,82	125,81	92143
28052026 140000	125,93	125,75	125,81	125,90	111632
28052026 150000	125,99	125,86	125,90	125,98	127541
28052026 160000	126,47	125,93	125,98	126,20	270650
28052026 170000	126,24	126,16	126,20	126,18	113485
28052026 180000	126,26	126,16	126,18	126,25	34483
28052026 190000	126,24	126,19	126,23	126,22	7410
28052026 200000	126,23	126,15	126,22	126,17	10985
28052026 210000	126,21	126,14	126,16	126,16	4478
29052026 020000	126,24	126,19	126,19	126,22	2300
29052026 030000	126,33	126,21	126,22	126,29	4697
29052026 040000	126,31	126,25	126,29	126,30	2473
29052026 050000	126,33	126,26	126,29	126,27	2672
29052026 060000	126,30	126,25	126,28	126,25	1878
29052026 070000	126,26	126,19	126,26	126,22	3037
29052026 080000	126,24	126,11	126,22	126,14	25680
29052026 090000	126,15	126,05	126,14	126,11	71831
29052026 100000	126,28	126,11	126,11	126,24	112943
29052026 110000	126,32	126,24	126,24	126,26	82039
29052026 120000	126,32	126,21	126,25	126,25	87758
29052026 130000	126,28	126,18	126,25	126,26	93076
29052026 140000	126,29	126,14	126,27	126,23	95839
29052026 150000	126,30	126,14	126,23	126,15	103978
29052026 160000	126,42	126,14	126,16	126,38	213546
29052026 170000	126,54	126,34	126,38	126,41	376240
29052026 180000	126,46	126,36	126,41	126,41	49063
29052026 190000	126,41	126,31	126,40	126,32	13645
29052026 200000	126,33	126,23	126,31	126,23	11760
29052026 210000	126,29	126,24	126,24	126,27	6260
01062026 020000	126,22	126,13	126,16	126,16	3104
01062026 030000	126,18	126,11	126,16	126,13	4417
01062026 040000	126,13	126,09	126,13	126,12	1542
01062026 050000	126,14	126,09	126,12	126,10	2015
01062026 060000	126,15	126,08	126,09	126,12	1570
01062026 070000	126,14	126,09	126,12	126,13	4845
01062026 080000	126,15	126,01	126,14	126,04	34724
01062026 090000	126,08	125,99	126,04	126,03	65321
01062026 100000	126,07	125,91	126,02	125,96	73549
01062026 110000	125,98	125,92	125,95	125,94	62821
01062026 120000	125,99	125,93	125,95	125,96	40623
01062026 130000	126,02	125,95	125,97	125,99	41910
01062026 140000	126,00	125,96	125,99	125,99	10507
