Data	PnL_Lordo	PnL_Netto_Euro	Cumulata_Euro
2023-03-28	0.0	0.0	0.0
2023-03-29	0.0	0.0	0.0
2023-03-30	0.4	394.0	394.0
2023-03-31	0.0	0.0	394.0
2023-04-04	0.0	0.0	394.0
2023-04-05	0.0	0.0	394.0
2023-04-06	0.0	0.0	394.0
2023-04-11	0.0	0.0	394.0
2023-04-12	-0.3	-306.0	88.0
2023-04-13	0.0	0.0	88.0
2023-04-14	0.0	0.0	88.0
2023-04-18	0.0	0.0	88.0
2023-04-19	-0.3	-306.0	-218.0
2023-04-20	-0.3	-306.0	-524.0
2023-04-21	0.0	0.0	-524.0
2023-04-25	0.0	0.0	-524.0
2023-04-26	-0.3	-306.0	-830.0
2023-04-27	0.0	0.0	-830.0
2023-04-28	0.4	394.0	-436.0
2023-05-02	0.0	0.0	-436.0
2023-05-03	0.4	394.0	-42.0
2023-05-04	0.4	394.0	352.0
2023-05-05	0.0	0.0	352.0
2023-05-09	0.0	0.0	352.0
2023-05-10	0.0	0.0	352.0
2023-05-11	-0.15	-156.0	196.0
2023-05-12	0.0	0.0	196.0
2023-05-16	0.0	0.0	196.0
2023-05-17	0.0	0.0	196.0
2023-05-18	0.16	154.0	350.0
2023-05-19	0.0	0.0	350.0
2023-05-23	0.0	0.0	350.0
2023-05-24	0.0	0.0	350.0
2023-05-25	0.0	0.0	350.0
2023-05-26	0.0	0.0	350.0
2023-05-30	0.0	0.0	350.0
2023-05-31	0.0	0.0	350.0
2023-06-01	0.0	0.0	350.0
2023-06-02	0.0	0.0	350.0
2023-06-06	0.0	0.0	350.0
2023-06-07	0.0	0.0	350.0
2023-06-08	0.0	0.0	350.0
2023-06-09	0.0	0.0	350.0
2023-06-13	0.0	0.0	350.0
2023-06-14	0.0	0.0	350.0
2023-06-15	0.0	0.0	350.0
2023-06-16	0.0	0.0	350.0
2023-06-20	0.0	0.0	350.0
2023-06-21	0.0	0.0	350.0
2023-06-22	0.0	0.0	350.0
2023-06-23	-0.3	-306.0	44.0
2023-06-27	0.0	0.0	44.0
2023-06-28	0.0	0.0	44.0
2023-06-29	0.0	0.0	44.0
2023-06-30	-0.3	-306.0	-262.0
2023-07-04	0.0	0.0	-262.0
2023-07-05	-0.3	-306.0	-568.0
2023-07-06	0.0	0.0	-568.0
2023-07-07	0.0	0.0	-568.0
2023-07-11	0.0	0.0	-568.0
2023-07-12	0.0	0.0	-568.0
2023-07-13	0.0	0.0	-568.0
2023-07-14	0.0	0.0	-568.0
2023-07-18	0.0	0.0	-568.0
2023-07-19	0.0	0.0	-568.0
2023-07-20	0.0	0.0	-568.0
2023-07-21	0.16	154.0	-414.0
2023-07-25	0.0	0.0	-414.0
2023-07-26	0.0	0.0	-414.0
2023-07-27	0.0	0.0	-414.0
2023-07-28	-0.3	-306.0	-720.0
2023-08-01	0.0	0.0	-720.0
2023-08-02	0.0	0.0	-720.0
2023-08-03	0.4	394.0	-326.0
2023-08-04	0.0	0.0	-326.0
2023-08-08	0.0	0.0	-326.0
2023-08-09	0.0	0.0	-326.0
2023-08-10	0.0	0.0	-326.0
2023-08-11	0.0	0.0	-326.0
2023-08-15	0.0	0.0	-326.0
2023-08-16	0.0	0.0	-326.0
2023-08-17	0.0	0.0	-326.0
2023-08-18	-0.04	-46.0	-372.0
2023-08-22	0.0	0.0	-372.0
2023-08-23	0.4	394.0	22.0
2023-08-24	0.0	0.0	22.0
2023-08-25	0.0	0.0	22.0
2023-08-29	0.0	0.0	22.0
2023-08-30	0.0	0.0	22.0
2023-08-31	0.03	24.0	46.0
2023-09-01	-0.3	-306.0	-260.0
2023-09-05	0.0	0.0	-260.0
2023-09-06	0.0	0.0	-260.0
2023-09-07	0.0	0.0	-260.0
2023-09-08	0.0	0.0	-260.0
2023-09-12	0.0	0.0	-260.0
2023-09-13	0.0	0.0	-260.0
2023-09-14	0.0	0.0	-260.0
2023-09-15	-0.07	-76.0	-336.0
2023-09-19	0.0	0.0	-336.0
2023-09-20	0.0	0.0	-336.0
2023-09-21	-0.13	-136.0	-472.0
2023-09-22	-0.3	-306.0	-778.0
2023-09-26	0.0	0.0	-778.0
2023-09-27	0.4	394.0	-384.0
2023-09-28	0.0	0.0	-384.0
2023-09-29	0.0	0.0	-384.0
2023-10-03	0.0	0.0	-384.0
2023-10-04	-0.3	-306.0	-690.0
2023-10-05	0.0	0.0	-690.0
2023-10-06	0.4	394.0	-296.0
2023-10-10	0.0	0.0	-296.0
2023-10-11	0.0	0.0	-296.0
2023-10-12	0.0	0.0	-296.0
2023-10-13	0.4	394.0	98.0
2023-10-17	0.4	394.0	492.0
2023-10-18	0.0	0.0	492.0
2023-10-19	0.0	0.0	492.0
2023-10-20	0.0	0.0	492.0
2023-10-24	0.0	0.0	492.0
2023-10-25	0.0	0.0	492.0
2023-10-26	0.0	0.0	492.0
2023-10-27	0.0	0.0	492.0
2023-10-31	-0.3	-306.0	186.0
2023-11-01	0.11	104.0	290.0
2023-11-02	0.0	0.0	290.0
2023-11-03	0.0	0.0	290.0
2023-11-07	0.0	0.0	290.0
2023-11-08	0.21	204.0	494.0
2023-11-09	-0.18	-186.0	308.0
2023-11-10	0.0	0.0	308.0
2023-11-14	0.2	194.0	502.0
2023-11-15	0.0	0.0	502.0
2023-11-16	0.0	0.0	502.0
2023-11-17	0.0	0.0	502.0
2023-11-21	0.0	0.0	502.0
2023-11-22	0.0	0.0	502.0
2023-11-23	0.0	0.0	502.0
2023-11-24	0.0	0.0	502.0
2023-11-28	0.0	0.0	502.0
2023-11-29	0.0	0.0	502.0
2023-11-30	0.0	0.0	502.0
2023-12-01	0.0	0.0	502.0
2023-12-05	0.4	394.0	896.0
2023-12-06	0.0	0.0	896.0
2023-12-07	0.0	0.0	896.0
2023-12-08	0.0	0.0	896.0
2023-12-12	0.0	0.0	896.0
2023-12-13	0.0	0.0	896.0
2023-12-14	0.0	0.0	896.0
2023-12-15	0.0	0.0	896.0
2023-12-19	0.0	0.0	896.0
2023-12-20	0.0	0.0	896.0
2023-12-21	0.0	0.0	896.0
2023-12-22	0.0	0.0	896.0
2023-12-27	-0.3	-306.0	590.0
2023-12-28	0.0	0.0	590.0
2023-12-29	0.0	0.0	590.0
2024-01-02	0.0	0.0	590.0
2024-01-03	0.4	394.0	984.0
2024-01-04	0.0	0.0	984.0
2024-01-05	0.0	0.0	984.0
2024-01-09	0.0	0.0	984.0
2024-01-10	0.0	0.0	984.0
2024-01-11	0.0	0.0	984.0
2024-01-12	0.0	0.0	984.0
2024-01-16	0.0	0.0	984.0
2024-01-17	-0.04	-46.0	938.0
2024-01-18	0.15	144.0	1082.0
2024-01-19	0.0	0.0	1082.0
2024-01-23	0.0	0.0	1082.0
2024-01-24	0.0	0.0	1082.0
2024-01-25	0.0	0.0	1082.0
2024-01-26	0.0	0.0	1082.0
2024-01-30	0.0	0.0	1082.0
2024-01-31	0.0	0.0	1082.0
2024-02-01	0.0	0.0	1082.0
2024-02-02	0.0	0.0	1082.0
2024-02-06	0.0	0.0	1082.0
2024-02-07	0.0	0.0	1082.0
2024-02-08	0.0	0.0	1082.0
2024-02-09	0.0	0.0	1082.0
2024-02-13	0.0	0.0	1082.0
2024-02-14	0.0	0.0	1082.0
2024-02-15	-0.3	-306.0	776.0
2024-02-16	0.0	0.0	776.0
2024-02-20	0.0	0.0	776.0
2024-02-21	0.0	0.0	776.0
2024-02-22	0.0	0.0	776.0
2024-02-23	0.0	0.0	776.0
2024-02-27	0.0	0.0	776.0
2024-02-28	0.0	0.0	776.0
2024-02-29	0.0	0.0	776.0
2024-03-01	0.0	0.0	776.0
2024-03-05	0.07	64.0	840.0
2024-03-06	0.0	0.0	840.0
2024-03-07	0.0	0.0	840.0
2024-03-08	0.0	0.0	840.0
2024-03-12	0.0	0.0	840.0
2024-03-13	-0.3	-306.0	534.0
2024-03-14	0.0	0.0	534.0
2024-03-15	0.0	0.0	534.0
2024-03-19	0.0	0.0	534.0
2024-03-20	0.0	0.0	534.0
2024-03-21	0.0	0.0	534.0
2024-03-22	0.0	0.0	534.0
2024-03-26	0.0	0.0	534.0
2024-03-27	0.0	0.0	534.0
2024-03-28	0.0	0.0	534.0
2024-04-02	0.0	0.0	534.0
2024-04-03	0.0	0.0	534.0
2024-04-04	0.0	0.0	534.0
2024-04-05	0.4	394.0	928.0
2024-04-09	0.05	44.0	972.0
2024-04-10	0.0	0.0	972.0
2024-04-11	-0.21	-216.0	756.0
2024-04-12	-0.14	-146.0	610.0
2024-04-16	0.12	114.0	724.0
2024-04-17	-0.3	-306.0	418.0
2024-04-18	0.07	64.0	482.0
2024-04-19	0.12	114.0	596.0
2024-04-23	0.0	0.0	596.0
2024-04-24	0.07	64.0	660.0
2024-04-25	0.4	394.0	1054.0
2024-04-26	0.0	0.0	1054.0
2024-04-30	0.0	0.0	1054.0
2024-05-02	0.0	0.0	1054.0
2024-05-03	0.4	394.0	1448.0
2024-05-07	0.0	0.0	1448.0
2024-05-08	0.0	0.0	1448.0
2024-05-09	0.0	0.0	1448.0
2024-05-10	0.0	0.0	1448.0
2024-05-14	-0.3	-306.0	1142.0
2024-05-15	0.3	294.0	1436.0
2024-05-16	0.0	0.0	1436.0
2024-05-17	0.0	0.0	1436.0
2024-05-21	0.0	0.0	1436.0
2024-05-22	0.0	0.0	1436.0
2024-05-23	-0.13	-136.0	1300.0
2024-05-24	-0.1	-106.0	1194.0
2024-05-28	0.0	0.0	1194.0
2024-05-29	0.0	0.0	1194.0
2024-05-30	0.0	0.0	1194.0
2024-05-31	0.0	0.0	1194.0
2024-06-04	0.0	0.0	1194.0
2024-06-05	0.0	0.0	1194.0
2024-06-06	0.0	0.0	1194.0
2024-06-07	-0.14	-146.0	1048.0
2024-06-11	0.0	0.0	1048.0
2024-06-12	0.0	0.0	1048.0
2024-06-13	0.0	0.0	1048.0
2024-06-14	0.0	0.0	1048.0
2024-06-18	0.0	0.0	1048.0
2024-06-19	0.0	0.0	1048.0
2024-06-20	0.0	0.0	1048.0
2024-06-21	0.0	0.0	1048.0
2024-06-25	0.0	0.0	1048.0
2024-06-26	0.0	0.0	1048.0
2024-06-27	-0.12	-126.0	922.0
2024-06-28	0.0	0.0	922.0
2024-07-02	0.0	0.0	922.0
2024-07-03	0.0	0.0	922.0
2024-07-04	0.0	0.0	922.0
2024-07-05	-0.09	-96.0	826.0
2024-07-09	0.0	0.0	826.0
2024-07-10	-0.02	-26.0	800.0
2024-07-11	0.4	394.0	1194.0
2024-07-12	0.0	0.0	1194.0
2024-07-16	0.0	0.0	1194.0
2024-07-17	0.0	0.0	1194.0
2024-07-18	-0.3	-306.0	888.0
2024-07-19	0.0	0.0	888.0
2024-07-23	0.0	0.0	888.0
2024-07-24	0.0	0.0	888.0
2024-07-25	0.0	0.0	888.0
2024-07-26	0.0	0.0	888.0
2024-07-30	0.0	0.0	888.0
2024-07-31	0.24	234.0	1122.0
2024-08-01	0.0	0.0	1122.0
2024-08-02	0.0	0.0	1122.0
2024-08-06	0.0	0.0	1122.0
2024-08-07	0.0	0.0	1122.0
2024-08-08	0.0	0.0	1122.0
2024-08-09	0.0	0.0	1122.0
2024-08-13	0.25	244.0	1366.0
2024-08-14	0.0	0.0	1366.0
2024-08-15	0.0	0.0	1366.0
2024-08-16	0.0	0.0	1366.0
2024-08-20	0.0	0.0	1366.0
2024-08-21	0.0	0.0	1366.0
2024-08-22	0.0	0.0	1366.0
2024-08-23	0.0	0.0	1366.0
2024-08-27	0.0	0.0	1366.0
2024-08-28	0.06	54.0	1420.0
2024-08-29	0.11	104.0	1524.0
2024-08-30	0.0	0.0	1524.0
2024-09-03	0.0	0.0	1524.0
2024-09-04	0.0	0.0	1524.0
2024-09-05	0.0	0.0	1524.0
2024-09-06	0.0	0.0	1524.0
2024-09-10	0.0	0.0	1524.0
2024-09-11	0.0	0.0	1524.0
2024-09-12	0.0	0.0	1524.0
2024-09-13	0.0	0.0	1524.0
2024-09-17	0.0	0.0	1524.0
2024-09-18	0.0	0.0	1524.0
2024-09-19	0.0	0.0	1524.0
2024-09-20	0.0	0.0	1524.0
2024-09-24	0.0	0.0	1524.0
2024-09-25	0.0	0.0	1524.0
2024-09-26	-0.3	-306.0	1218.0
2024-09-27	-0.12	-126.0	1092.0
2024-10-01	0.0	0.0	1092.0
2024-10-02	0.0	0.0	1092.0
2024-10-03	0.0	0.0	1092.0
2024-10-04	-0.3	-306.0	786.0
2024-10-08	0.0	0.0	786.0
2024-10-09	0.0	0.0	786.0
2024-10-10	-0.3	-306.0	480.0
2024-10-11	0.0	0.0	480.0
2024-10-15	0.13	124.0	604.0
2024-10-16	0.0	0.0	604.0
2024-10-17	0.0	0.0	604.0
2024-10-18	0.0	0.0	604.0
2024-10-22	0.0	0.0	604.0
2024-10-23	-0.07	-76.0	528.0
2024-10-24	0.0	0.0	528.0
2024-10-25	0.0	0.0	528.0
2024-10-29	0.0	0.0	528.0
2024-10-30	0.0	0.0	528.0
2024-10-31	0.0	0.0	528.0
2024-11-01	0.0	0.0	528.0
2024-11-05	0.0	0.0	528.0
2024-11-06	0.07	64.0	592.0
2024-11-07	0.0	0.0	592.0
2024-11-08	0.0	0.0	592.0
2024-11-12	0.0	0.0	592.0
2024-11-13	0.0	0.0	592.0
2024-11-14	0.0	0.0	592.0
2024-11-15	0.0	0.0	592.0
2024-11-19	0.0	0.0	592.0
2024-11-20	0.0	0.0	592.0
2024-11-21	0.0	0.0	592.0
2024-11-22	0.0	0.0	592.0
2024-11-26	0.0	0.0	592.0
2024-11-27	-0.3	-306.0	286.0
2024-11-28	0.0	0.0	286.0
2024-11-29	0.0	0.0	286.0
2024-12-03	0.0	0.0	286.0
2024-12-04	0.0	0.0	286.0
2024-12-05	0.0	0.0	286.0
2024-12-06	0.0	0.0	286.0
2024-12-10	0.0	0.0	286.0
2024-12-11	0.0	0.0	286.0
2024-12-12	0.4	394.0	680.0
2024-12-13	0.0	0.0	680.0
2024-12-17	-0.3	-306.0	374.0
2024-12-18	0.0	0.0	374.0
2024-12-19	0.0	0.0	374.0
2024-12-20	0.0	0.0	374.0
2024-12-27	0.0	0.0	374.0
2025-01-02	0.0	0.0	374.0
2025-01-03	0.0	0.0	374.0
2025-01-07	0.12	114.0	488.0
2025-01-08	0.0	0.0	488.0
2025-01-09	0.0	0.0	488.0
2025-01-10	0.0	0.0	488.0
2025-01-14	0.0	0.0	488.0
2025-01-15	0.0	0.0	488.0
2025-01-16	0.0	0.0	488.0
2025-01-17	-0.05	-56.0	432.0
2025-01-21	0.0	0.0	432.0
2025-01-22	0.0	0.0	432.0
2025-01-23	0.0	0.0	432.0
2025-01-24	0.0	0.0	432.0
2025-01-28	0.0	0.0	432.0
2025-01-29	0.0	0.0	432.0
2025-01-30	0.0	0.0	432.0
2025-01-31	0.0	0.0	432.0
2025-02-04	0.0	0.0	432.0
2025-02-05	0.0	0.0	432.0
2025-02-06	0.0	0.0	432.0
2025-02-07	0.0	0.0	432.0
2025-02-11	0.0	0.0	432.0
2025-02-12	-0.03	-36.0	396.0
2025-02-13	-0.3	-306.0	90.0
2025-02-14	0.0	0.0	90.0
2025-02-18	0.0	0.0	90.0
2025-02-19	0.0	0.0	90.0
2025-02-20	0.0	0.0	90.0
2025-02-21	0.0	0.0	90.0
2025-02-25	-0.05	-56.0	34.0
2025-02-26	0.0	0.0	34.0
2025-02-27	0.0	0.0	34.0
2025-02-28	0.0	0.0	34.0
2025-03-04	0.0	0.0	34.0
2025-03-05	0.0	0.0	34.0
2025-03-06	0.0	0.0	34.0
2025-03-07	0.0	0.0	34.0
2025-03-11	0.09	84.0	118.0
2025-03-12	0.0	0.0	118.0
2025-03-13	-0.13	-136.0	-18.0
2025-03-14	0.0	0.0	-18.0
2025-03-18	0.0	0.0	-18.0
2025-03-19	0.0	0.0	-18.0
2025-03-20	0.0	0.0	-18.0
2025-03-21	0.0	0.0	-18.0
2025-03-25	0.0	0.0	-18.0
2025-03-26	0.0	0.0	-18.0
2025-03-27	0.0	0.0	-18.0
2025-03-28	-0.07	-76.0	-94.0
2025-04-01	0.0	0.0	-94.0
2025-04-02	0.0	0.0	-94.0
2025-04-03	0.0	0.0	-94.0
2025-04-04	0.0	0.0	-94.0
2025-04-08	0.0	0.0	-94.0
2025-04-09	0.0	0.0	-94.0
2025-04-10	-0.3	-306.0	-400.0
2025-04-11	0.0	0.0	-400.0
2025-04-15	0.0	0.0	-400.0
2025-04-16	0.0	0.0	-400.0
2025-04-17	0.16	154.0	-246.0
2025-04-22	0.0	0.0	-246.0
2025-04-23	0.0	0.0	-246.0
2025-04-24	0.15	144.0	-102.0
2025-04-25	0.0	0.0	-102.0
2025-04-29	0.0	0.0	-102.0
2025-04-30	0.0	0.0	-102.0
2025-05-02	0.0	0.0	-102.0
2025-05-06	0.0	0.0	-102.0
2025-05-07	0.11	104.0	2.0
2025-05-08	-0.3	-306.0	-304.0
2025-05-09	0.0	0.0	-304.0
2025-05-13	0.0	0.0	-304.0
2025-05-14	-0.3	-306.0	-610.0
2025-05-15	0.0	0.0	-610.0
2025-05-16	0.0	0.0	-610.0
2025-05-20	0.0	0.0	-610.0
2025-05-21	0.0	0.0	-610.0
2025-05-22	0.0	0.0	-610.0
2025-05-23	0.0	0.0	-610.0
2025-05-27	-0.3	-306.0	-916.0
2025-05-28	0.0	0.0	-916.0
2025-05-29	0.32	314.0	-602.0
2025-05-30	0.0	0.0	-602.0
2025-06-03	0.0	0.0	-602.0
2025-06-04	0.0	0.0	-602.0
2025-06-05	0.01	4.0	-598.0
2025-06-06	-0.3	-306.0	-904.0
2025-06-10	0.0	0.0	-904.0
2025-06-11	-0.3	-306.0	-1210.0
2025-06-12	0.02	14.0	-1196.0
2025-06-13	0.0	0.0	-1196.0
2025-06-17	0.0	0.0	-1196.0
2025-06-18	0.0	0.0	-1196.0
2025-06-19	0.0	0.0	-1196.0
2025-06-20	0.0	0.0	-1196.0
2025-06-24	-0.31	-316.0	-1512.0
2025-06-25	-0.3	-306.0	-1818.0
2025-06-26	0.0	0.0	-1818.0
2025-06-27	-0.3	-306.0	-2124.0
2025-07-01	0.0	0.0	-2124.0
2025-07-02	0.04	34.0	-2090.0
2025-07-03	0.0	0.0	-2090.0
2025-07-04	0.0	0.0	-2090.0
2025-07-08	0.05	44.0	-2046.0
2025-07-09	0.0	0.0	-2046.0
2025-07-10	0.23	224.0	-1822.0
2025-07-11	0.0	0.0	-1822.0
2025-07-15	0.0	0.0	-1822.0
2025-07-16	0.0	0.0	-1822.0
2025-07-17	0.0	0.0	-1822.0
2025-07-18	0.0	0.0	-1822.0
2025-07-22	0.02	14.0	-1808.0
2025-07-23	-0.3	-306.0	-2114.0
2025-07-24	0.0	0.0	-2114.0
2025-07-25	0.0	0.0	-2114.0
2025-07-29	0.0	0.0	-2114.0
2025-07-30	0.0	0.0	-2114.0
2025-07-31	0.0	0.0	-2114.0
2025-08-01	0.0	0.0	-2114.0
2025-08-05	0.0	0.0	-2114.0
2025-08-06	0.0	0.0	-2114.0
2025-08-07	0.0	0.0	-2114.0
2025-08-08	0.0	0.0	-2114.0
2025-08-12	0.07	64.0	-2050.0
2025-08-13	0.0	0.0	-2050.0
2025-08-14	0.0	0.0	-2050.0
2025-08-15	0.0	0.0	-2050.0
2025-08-19	0.0	0.0	-2050.0
2025-08-20	0.0	0.0	-2050.0
2025-08-21	0.0	0.0	-2050.0
2025-08-22	0.0	0.0	-2050.0
2025-08-26	0.0	0.0	-2050.0
2025-08-27	0.0	0.0	-2050.0
2025-08-28	0.0	0.0	-2050.0
2025-08-29	0.0	0.0	-2050.0
2025-09-02	0.4	394.0	-1656.0
2025-09-03	0.0	0.0	-1656.0
2025-09-04	0.0	0.0	-1656.0
2025-09-05	0.0	0.0	-1656.0
2025-09-09	0.11	104.0	-1552.0
2025-09-10	0.0	0.0	-1552.0
2025-09-11	0.0	0.0	-1552.0
2025-09-12	0.0	0.0	-1552.0
2025-09-16	0.0	0.0	-1552.0
2025-09-17	0.0	0.0	-1552.0
2025-09-18	0.0	0.0	-1552.0
2025-09-19	0.0	0.0	-1552.0
2025-09-23	0.0	0.0	-1552.0
2025-09-24	0.0	0.0	-1552.0
2025-09-25	0.0	0.0	-1552.0
2025-09-26	0.0	0.0	-1552.0
2025-09-30	0.0	0.0	-1552.0
2025-10-01	-0.16	-166.0	-1718.0
2025-10-02	0.0	0.0	-1718.0
2025-10-03	-0.09	-96.0	-1814.0
2025-10-07	0.0	0.0	-1814.0
2025-10-08	0.0	0.0	-1814.0
2025-10-09	0.0	0.0	-1814.0
2025-10-10	0.0	0.0	-1814.0
2025-10-14	0.0	0.0	-1814.0
2025-10-15	0.0	0.0	-1814.0
2025-10-16	0.0	0.0	-1814.0
2025-10-17	0.0	0.0	-1814.0
2025-10-21	0.0	0.0	-1814.0
2025-10-22	0.0	0.0	-1814.0
2025-10-23	0.0	0.0	-1814.0
2025-10-24	0.0	0.0	-1814.0
2025-10-28	0.0	0.0	-1814.0
2025-10-29	0.0	0.0	-1814.0
2025-10-30	0.0	0.0	-1814.0
2025-10-31	0.0	0.0	-1814.0
2025-11-04	0.0	0.0	-1814.0
2025-11-05	0.0	0.0	-1814.0
2025-11-06	0.0	0.0	-1814.0
2025-11-07	-0.1	-106.0	-1920.0
2025-11-11	0.0	0.0	-1920.0
2025-11-12	0.17	164.0	-1756.0
2025-11-13	0.0	0.0	-1756.0
2025-11-14	0.25	244.0	-1512.0
2025-11-18	0.0	0.0	-1512.0
2025-11-19	0.0	0.0	-1512.0
2025-11-20	0.0	0.0	-1512.0
2025-11-21	0.0	0.0	-1512.0
2025-11-25	0.08	74.0	-1438.0
2025-11-26	0.0	0.0	-1438.0
2025-11-27	0.04	34.0	-1404.0
2025-11-28	0.0	0.0	-1404.0
2025-12-02	-0.16	-166.0	-1570.0
2025-12-03	-0.3	-306.0	-1876.0
2025-12-04	0.0	0.0	-1876.0
2025-12-05	0.0	0.0	-1876.0
2025-12-09	0.0	0.0	-1876.0
2025-12-10	0.0	0.0	-1876.0
