Data	PnL_Lordo	PnL_Netto_Euro	Cumulata_Euro
2023-03-28	0.0	0.0	0.0
2023-03-29	0.0	0.0	0.0
2023-03-30	0.2	174.0	174.0
2023-03-31	0.2	174.0	348.0
2023-04-04	0.0	0.0	348.0
2023-04-05	0.0	0.0	348.0
2023-04-06	0.2	174.0	522.0
2023-04-11	0.0	0.0	522.0
2023-04-12	-0.2	-226.0	296.0
2023-04-13	0.2	174.0	470.0
2023-04-14	0.2	174.0	644.0
2023-04-18	0.0	0.0	644.0
2023-04-19	-0.2	-226.0	418.0
2023-04-20	-0.2	-226.0	192.0
2023-04-21	0.0	0.0	192.0
2023-04-25	0.0	0.0	192.0
2023-04-26	-0.2	-226.0	-34.0
2023-04-27	0.0	0.0	-34.0
2023-04-28	-0.2	-226.0	-260.0
2023-05-02	0.0	0.0	-260.0
2023-05-03	0.2	174.0	-86.0
2023-05-04	0.2	174.0	88.0
2023-05-05	-0.2	-226.0	-138.0
2023-05-09	0.0	0.0	-138.0
2023-05-10	0.0	0.0	-138.0
2023-05-11	-0.2	-226.0	-364.0
2023-05-12	0.0	0.0	-364.0
2023-05-16	0.0	0.0	-364.0
2023-05-17	0.0	0.0	-364.0
2023-05-18	0.165	139.0	-225.0
2023-05-19	0.2	174.0	-51.0
2023-05-23	0.0	0.0	-51.0
2023-05-24	0.0	0.0	-51.0
2023-05-25	0.0	0.0	-51.0
2023-05-26	0.2	174.0	123.0
2023-05-30	0.2	174.0	297.0
2023-05-31	0.2	174.0	471.0
2023-06-01	0.2	174.0	645.0
2023-06-02	0.2	174.0	819.0
2023-06-06	0.0	0.0	819.0
2023-06-07	0.0	0.0	819.0
2023-06-08	0.2	174.0	993.0
2023-06-09	0.0	0.0	993.0
2023-06-13	0.0	0.0	993.0
2023-06-14	0.0	0.0	993.0
2023-06-15	0.0	0.0	993.0
2023-06-16	0.0	0.0	993.0
2023-06-20	0.0	0.0	993.0
2023-06-21	0.0	0.0	993.0
2023-06-22	0.0	0.0	993.0
2023-06-23	-0.2	-226.0	767.0
2023-06-27	0.0	0.0	767.0
2023-06-28	0.0	0.0	767.0
2023-06-29	0.0	0.0	767.0
2023-06-30	-0.2	-226.0	541.0
2023-07-04	0.2	174.0	715.0
2023-07-05	0.2	174.0	889.0
2023-07-06	0.2	174.0	1063.0
2023-07-07	0.2	174.0	1237.0
2023-07-11	0.0	0.0	1237.0
2023-07-12	0.0	0.0	1237.0
2023-07-13	0.2	174.0	1411.0
2023-07-14	0.2	174.0	1585.0
2023-07-18	0.2	174.0	1759.0
2023-07-19	0.2	174.0	1933.0
2023-07-20	0.2	174.0	2107.0
2023-07-21	0.2	174.0	2281.0
2023-07-25	0.0	0.0	2281.0
2023-07-26	0.0	0.0	2281.0
2023-07-27	0.0	0.0	2281.0
2023-07-28	0.2	174.0	2455.0
2023-08-01	0.0	0.0	2455.0
2023-08-02	0.0	0.0	2455.0
2023-08-03	0.2	174.0	2629.0
2023-08-04	0.2	174.0	2803.0
2023-08-08	0.0	0.0	2803.0
2023-08-09	-0.2	-226.0	2577.0
2023-08-10	0.0	0.0	2577.0
2023-08-11	0.0	0.0	2577.0
2023-08-15	0.2	174.0	2751.0
2023-08-16	0.2	174.0	2925.0
2023-08-17	0.2	174.0	3099.0
2023-08-18	-0.2	-226.0	2873.0
2023-08-22	0.0	0.0	2873.0
2023-08-23	0.2	174.0	3047.0
2023-08-24	0.2	174.0	3221.0
2023-08-25	0.2	174.0	3395.0
2023-08-29	0.0	0.0	3395.0
2023-08-30	0.0	0.0	3395.0
2023-08-31	-0.2	-226.0	3169.0
2023-09-01	-0.2	-226.0	2943.0
2023-09-05	0.0	0.0	2943.0
2023-09-06	0.2	174.0	3117.0
2023-09-07	0.2	174.0	3291.0
2023-09-08	-0.2	-226.0	3065.0
2023-09-12	0.0	0.0	3065.0
2023-09-13	0.2	174.0	3239.0
2023-09-14	0.0	0.0	3239.0
2023-09-15	-0.053	-79.33	3159.67
2023-09-19	0.0	0.0	3159.67
2023-09-20	0.0	0.0	3159.67
2023-09-21	0.2	174.0	3333.67
2023-09-22	-0.2	-226.0	3107.67
2023-09-26	0.0	0.0	3107.67
2023-09-27	0.2	174.0	3281.67
2023-09-28	0.2	174.0	3455.67
2023-09-29	0.2	174.0	3629.67
2023-10-03	0.0	0.0	3629.67
2023-10-04	0.2	174.0	3803.67
2023-10-05	0.0	0.0	3803.67
2023-10-06	0.2	174.0	3977.67
2023-10-10	0.0	0.0	3977.67
2023-10-11	0.2	174.0	4151.67
2023-10-12	0.2	174.0	4325.67
2023-10-13	0.2	174.0	4499.67
2023-10-17	0.2	174.0	4673.67
2023-10-18	0.2	174.0	4847.67
2023-10-19	0.2	174.0	5021.67
2023-10-20	0.2	174.0	5195.67
2023-10-24	0.0	0.0	5195.67
2023-10-25	0.0	0.0	5195.67
2023-10-26	0.0	0.0	5195.67
2023-10-27	0.0	0.0	5195.67
2023-10-31	-0.2	-226.0	4969.67
2023-11-01	0.2	174.0	5143.67
2023-11-02	0.2	174.0	5317.67
2023-11-03	0.2	174.0	5491.67
2023-11-07	0.0	0.0	5491.67
2023-11-08	0.2	174.0	5665.67
2023-11-09	0.2	174.0	5839.67
2023-11-10	0.0	0.0	5839.67
2023-11-14	-0.2	-226.0	5613.67
2023-11-15	0.2	174.0	5787.67
2023-11-16	0.2	174.0	5961.67
2023-11-17	0.2	174.0	6135.67
2023-11-21	0.0	0.0	6135.67
2023-11-22	0.0	0.0	6135.67
2023-11-23	0.0	0.0	6135.67
2023-11-24	0.0	0.0	6135.67
2023-11-28	0.0	0.0	6135.67
2023-11-29	0.2	174.0	6309.67
2023-11-30	0.2	174.0	6483.67
2023-12-01	0.2	174.0	6657.67
2023-12-05	0.2	174.0	6831.67
2023-12-06	0.2	174.0	7005.67
2023-12-07	0.2	174.0	7179.67
2023-12-08	0.2	174.0	7353.67
2023-12-12	0.0	0.0	7353.67
2023-12-13	0.0	0.0	7353.67
2023-12-14	0.2	174.0	7527.67
2023-12-15	0.2	174.0	7701.67
2023-12-19	0.2	174.0	7875.67
2023-12-20	0.2	174.0	8049.67
2023-12-21	0.2	174.0	8223.67
2023-12-22	0.2	174.0	8397.67
2023-12-27	-0.2	-226.0	8171.67
2023-12-28	0.0	0.0	8171.67
2023-12-29	0.0	0.0	8171.67
2024-01-02	0.2	174.0	8345.67
2024-01-03	0.2	174.0	8519.67
2024-01-04	0.2	174.0	8693.67
2024-01-05	0.2	174.0	8867.67
2024-01-09	0.0	0.0	8867.67
2024-01-10	0.0	0.0	8867.67
2024-01-11	0.0	0.0	8867.67
2024-01-12	0.0	0.0	8867.67
2024-01-16	0.0	0.0	8867.67
2024-01-17	-0.032	-57.67	8810.0
2024-01-18	-0.2	-226.0	8584.0
2024-01-19	-0.2	-226.0	8358.0
2024-01-23	0.0	0.0	8358.0
2024-01-24	0.0	0.0	8358.0
2024-01-25	0.0	0.0	8358.0
2024-01-26	0.0	0.0	8358.0
2024-01-30	-0.2	-226.0	8132.0
2024-01-31	0.0	0.0	8132.0
2024-02-01	0.0	0.0	8132.0
2024-02-02	0.0	0.0	8132.0
2024-02-06	0.0	0.0	8132.0
2024-02-07	0.0	0.0	8132.0
2024-02-08	0.0	0.0	8132.0
2024-02-09	0.2	174.0	8306.0
2024-02-13	0.0	0.0	8306.0
2024-02-14	0.0	0.0	8306.0
2024-02-15	-0.2	-226.0	8080.0
2024-02-16	0.0	0.0	8080.0
2024-02-20	0.0	0.0	8080.0
2024-02-21	0.0	0.0	8080.0
2024-02-22	0.0	0.0	8080.0
2024-02-23	0.0	0.0	8080.0
2024-02-27	0.0	0.0	8080.0
2024-02-28	0.0	0.0	8080.0
2024-02-29	0.0	0.0	8080.0
2024-03-01	0.0	0.0	8080.0
2024-03-05	0.2	174.0	8254.0
2024-03-06	0.2	174.0	8428.0
2024-03-07	0.2	174.0	8602.0
2024-03-08	0.2	174.0	8776.0
2024-03-12	0.0	0.0	8776.0
2024-03-13	-0.2	-226.0	8550.0
2024-03-14	-0.2	-226.0	8324.0
2024-03-15	0.0	0.0	8324.0
2024-03-19	0.0	0.0	8324.0
2024-03-20	0.0	0.0	8324.0
2024-03-21	0.0	0.0	8324.0
2024-03-22	0.0	0.0	8324.0
2024-03-26	0.0	0.0	8324.0
2024-03-27	0.0	0.0	8324.0
2024-03-28	0.0	0.0	8324.0
2024-04-02	0.2	174.0	8498.0
2024-04-03	0.2	174.0	8672.0
2024-04-04	0.2	174.0	8846.0
2024-04-05	0.2	174.0	9020.0
2024-04-09	0.051	24.83	9044.83
2024-04-10	0.2	174.0	9218.83
2024-04-11	-0.2	-226.0	8992.83
2024-04-12	-0.2	-226.0	8766.83
2024-04-16	0.2	174.0	8940.83
2024-04-17	0.2	174.0	9114.83
2024-04-18	0.077	50.67	9165.5
2024-04-19	0.2	174.0	9339.5
2024-04-23	0.0	0.0	9339.5
2024-04-24	0.2	174.0	9513.5
2024-04-25	0.2	174.0	9687.5
2024-04-26	0.2	174.0	9861.5
2024-04-30	0.0	0.0	9861.5
2024-05-02	0.0	0.0	9861.5
2024-05-03	0.2	174.0	10035.5
2024-05-07	0.0	0.0	10035.5
2024-05-08	0.0	0.0	10035.5
2024-05-09	0.0	0.0	10035.5
2024-05-10	0.0	0.0	10035.5
2024-05-14	0.2	174.0	10209.5
2024-05-15	0.2	174.0	10383.5
2024-05-16	0.2	174.0	10557.5
2024-05-17	0.0	0.0	10557.5
2024-05-21	0.0	0.0	10557.5
2024-05-22	0.0	0.0	10557.5
2024-05-23	-0.125	-151.0	10406.5
2024-05-24	-0.2	-226.0	10180.5
2024-05-28	0.0	0.0	10180.5
2024-05-29	-0.2	-226.0	9954.5
2024-05-30	0.2	174.0	10128.5
2024-05-31	0.2	174.0	10302.5
2024-06-04	0.0	0.0	10302.5
2024-06-05	0.0	0.0	10302.5
2024-06-06	0.0	0.0	10302.5
2024-06-07	0.2	174.0	10476.5
2024-06-11	0.2	174.0	10650.5
2024-06-12	0.0	0.0	10650.5
2024-06-13	0.0	0.0	10650.5
2024-06-14	0.0	0.0	10650.5
2024-06-18	0.0	0.0	10650.5
2024-06-19	0.0	0.0	10650.5
2024-06-20	0.0	0.0	10650.5
2024-06-21	0.0	0.0	10650.5
2024-06-25	0.0	0.0	10650.5
2024-06-26	0.0	0.0	10650.5
2024-06-27	-0.2	-226.0	10424.5
2024-06-28	-0.2	-226.0	10198.5
2024-07-02	-0.2	-226.0	9972.5
2024-07-03	0.0	0.0	9972.5
2024-07-04	0.0	0.0	9972.5
2024-07-05	0.2	174.0	10146.5
2024-07-09	0.0	0.0	10146.5
2024-07-10	-0.012	-37.67	10108.83
2024-07-11	0.2	174.0	10282.83
2024-07-12	0.2	174.0	10456.83
2024-07-16	0.0	0.0	10456.83
2024-07-17	-0.2	-226.0	10230.83
2024-07-18	-0.2	-226.0	10004.83
2024-07-19	0.0	0.0	10004.83
2024-07-23	0.0	0.0	10004.83
2024-07-24	0.0	0.0	10004.83
2024-07-25	0.0	0.0	10004.83
2024-07-26	0.0	0.0	10004.83
2024-07-30	0.0	0.0	10004.83
2024-07-31	0.2	174.0	10178.83
2024-08-01	0.2	174.0	10352.83
2024-08-02	0.2	174.0	10526.83
2024-08-06	0.0	0.0	10526.83
2024-08-07	0.0	0.0	10526.83
2024-08-08	0.0	0.0	10526.83
2024-08-09	0.0	0.0	10526.83
2024-08-13	0.2	174.0	10700.83
2024-08-14	0.2	174.0	10874.83
2024-08-15	0.2	174.0	11048.83
2024-08-16	-0.2	-226.0	10822.83
2024-08-20	0.0	0.0	10822.83
2024-08-21	0.0	0.0	10822.83
2024-08-22	0.0	0.0	10822.83
2024-08-23	0.0	0.0	10822.83
2024-08-27	0.2	174.0	10996.83
2024-08-28	-0.2	-226.0	10770.83
2024-08-29	0.2	174.0	10944.83
2024-08-30	0.2	174.0	11118.83
2024-09-03	0.0	0.0	11118.83
2024-09-04	0.2	174.0	11292.83
2024-09-05	0.2	174.0	11466.83
2024-09-06	0.2	174.0	11640.83
2024-09-10	0.0	0.0	11640.83
2024-09-11	0.2	174.0	11814.83
2024-09-12	0.2	174.0	11988.83
2024-09-13	0.2	174.0	12162.83
2024-09-17	0.0	0.0	12162.83
2024-09-18	0.0	0.0	12162.83
2024-09-19	0.0	0.0	12162.83
2024-09-20	0.0	0.0	12162.83
2024-09-24	0.0	0.0	12162.83
2024-09-25	0.0	0.0	12162.83
2024-09-26	-0.2	-226.0	11936.83
2024-09-27	-0.2	-226.0	11710.83
2024-10-01	0.2	174.0	11884.83
2024-10-02	-0.2	-226.0	11658.83
2024-10-03	0.0	0.0	11658.83
2024-10-04	-0.2	-226.0	11432.83
2024-10-08	0.0	0.0	11432.83
2024-10-09	0.0	0.0	11432.83
2024-10-10	-0.2	-226.0	11206.83
2024-10-11	-0.2	-226.0	10980.83
2024-10-15	0.135	109.0	11089.83
2024-10-16	0.2	174.0	11263.83
2024-10-17	0.2	174.0	11437.83
2024-10-18	0.2	174.0	11611.83
2024-10-22	0.2	174.0	11785.83
2024-10-23	0.2	174.0	11959.83
2024-10-24	0.0	0.0	11959.83
2024-10-25	0.0	0.0	11959.83
2024-10-29	0.0	0.0	11959.83
2024-10-30	0.2	174.0	12133.83
2024-10-31	0.2	174.0	12307.83
2024-11-01	0.2	174.0	12481.83
2024-11-05	0.0	0.0	12481.83
2024-11-06	0.2	174.0	12655.83
2024-11-07	0.2	174.0	12829.83
2024-11-08	0.0	0.0	12829.83
2024-11-12	0.0	0.0	12829.83
2024-11-13	0.0	0.0	12829.83
2024-11-14	0.0	0.0	12829.83
2024-11-15	0.2	174.0	13003.83
2024-11-19	0.0	0.0	13003.83
2024-11-20	0.0	0.0	13003.83
2024-11-21	0.0	0.0	13003.83
2024-11-22	-0.2	-226.0	12777.83
2024-11-26	0.0	0.0	12777.83
2024-11-27	-0.2	-226.0	12551.83
2024-11-28	0.2	174.0	12725.83
2024-11-29	0.2	174.0	12899.83
2024-12-03	0.0	0.0	12899.83
2024-12-04	0.0	0.0	12899.83
2024-12-05	0.0	0.0	12899.83
2024-12-06	0.0	0.0	12899.83
2024-12-10	0.0	0.0	12899.83
2024-12-11	0.0	0.0	12899.83
2024-12-12	0.2	174.0	13073.83
2024-12-13	0.2	174.0	13247.83
2024-12-17	-0.2	-226.0	13021.83
2024-12-18	-0.153	-179.33	12842.5
2024-12-19	0.2	174.0	13016.5
2024-12-20	0.2	174.0	13190.5
2024-12-27	0.0	0.0	13190.5
2025-01-02	-0.2	-226.0	12964.5
2025-01-03	0.0	0.0	12964.5
2025-01-07	0.2	174.0	13138.5
2025-01-08	0.2	174.0	13312.5
2025-01-09	0.2	174.0	13486.5
2025-01-10	0.2	174.0	13660.5
2025-01-14	0.0	0.0	13660.5
2025-01-15	0.0	0.0	13660.5
2025-01-16	0.0	0.0	13660.5
2025-01-17	0.2	174.0	13834.5
2025-01-21	0.0	0.0	13834.5
2025-01-22	0.0	0.0	13834.5
2025-01-23	0.0	0.0	13834.5
2025-01-24	0.0	0.0	13834.5
2025-01-28	0.0	0.0	13834.5
2025-01-29	0.0	0.0	13834.5
2025-01-30	0.0	0.0	13834.5
2025-01-31	0.0	0.0	13834.5
2025-02-04	0.0	0.0	13834.5
2025-02-05	0.2	174.0	14008.5
2025-02-06	0.2	174.0	14182.5
2025-02-07	0.2	174.0	14356.5
2025-02-11	0.0	0.0	14356.5
2025-02-12	0.2	174.0	14530.5
2025-02-13	-0.2	-226.0	14304.5
2025-02-14	0.0	0.0	14304.5
2025-02-18	0.0	0.0	14304.5
2025-02-19	0.2	174.0	14478.5
2025-02-20	0.2	174.0	14652.5
2025-02-21	-0.2	-226.0	14426.5
2025-02-25	-0.041	-66.83	14359.67
2025-02-26	0.2	174.0	14533.67
2025-02-27	0.2	174.0	14707.67
2025-02-28	0.2	174.0	14881.67
2025-03-04	0.0	0.0	14881.67
2025-03-05	0.2	174.0	15055.67
2025-03-06	0.2	174.0	15229.67
2025-03-07	0.2	174.0	15403.67
2025-03-11	0.093	67.33	15471.0
2025-03-12	0.2	174.0	15645.0
2025-03-13	0.2	174.0	15819.0
2025-03-14	0.2	174.0	15993.0
2025-03-18	0.0	0.0	15993.0
2025-03-19	0.0	0.0	15993.0
2025-03-20	0.0	0.0	15993.0
2025-03-21	0.0	0.0	15993.0
2025-03-25	0.0	0.0	15993.0
2025-03-26	0.0	0.0	15993.0
2025-03-27	0.0	0.0	15993.0
2025-03-28	-0.2	-226.0	15767.0
2025-04-01	0.2	174.0	15941.0
2025-04-02	0.2	174.0	16115.0
2025-04-03	0.2	174.0	16289.0
2025-04-04	0.2	174.0	16463.0
2025-04-08	0.0	0.0	16463.0
2025-04-09	0.2	174.0	16637.0
2025-04-10	-0.2	-226.0	16411.0
2025-04-11	0.0	0.0	16411.0
2025-04-15	-0.2	-226.0	16185.0
2025-04-16	0.0	0.0	16185.0
2025-04-17	0.2	174.0	16359.0
2025-04-22	0.0	0.0	16359.0
2025-04-23	0.0	0.0	16359.0
2025-04-24	0.2	174.0	16533.0
2025-04-25	-0.2	-226.0	16307.0
2025-04-29	0.0	0.0	16307.0
2025-04-30	0.0	0.0	16307.0
2025-05-02	0.0	0.0	16307.0
2025-05-06	0.0	0.0	16307.0
2025-05-07	0.111	84.83	16391.83
2025-05-08	-0.2	-226.0	16165.83
2025-05-09	0.0	0.0	16165.83
2025-05-13	0.0	0.0	16165.83
2025-05-14	-0.2	-226.0	15939.83
2025-05-15	-0.2	-226.0	15713.83
2025-05-16	0.0	0.0	15713.83
2025-05-20	0.0	0.0	15713.83
2025-05-21	0.0	0.0	15713.83
2025-05-22	0.0	0.0	15713.83
2025-05-23	0.0	0.0	15713.83
2025-05-27	-0.2	-226.0	15487.83
2025-05-28	-0.06	-86.0	15401.83
2025-05-29	0.2	174.0	15575.83
2025-05-30	0.2	174.0	15749.83
2025-06-03	0.0	0.0	15749.83
2025-06-04	0.0	0.0	15749.83
2025-06-05	0.2	174.0	15923.83
2025-06-06	-0.2	-226.0	15697.83
2025-06-10	0.0	0.0	15697.83
2025-06-11	-0.2	-226.0	15471.83
2025-06-12	0.2	174.0	15645.83
2025-06-13	0.2	174.0	15819.83
2025-06-17	0.0	0.0	15819.83
2025-06-18	0.0	0.0	15819.83
2025-06-19	0.0	0.0	15819.83
2025-06-20	0.0	0.0	15819.83
2025-06-24	-0.2	-226.0	15593.83
2025-06-25	-0.2	-226.0	15367.83
2025-06-26	0.0	0.0	15367.83
2025-06-27	-0.2	-226.0	15141.83
2025-07-01	0.0	0.0	15141.83
2025-07-02	0.044	18.17	15160.0
2025-07-03	0.0	0.0	15160.0
2025-07-04	0.0	0.0	15160.0
2025-07-08	0.058	32.33	15192.33
2025-07-09	-0.2	-226.0	14966.33
2025-07-10	0.2	174.0	15140.33
2025-07-11	0.2	174.0	15314.33
2025-07-15	0.0	0.0	15314.33
2025-07-16	0.0	0.0	15314.33
2025-07-17	0.0	0.0	15314.33
2025-07-18	0.0	0.0	15314.33
2025-07-22	0.02	-6.0	15308.33
2025-07-23	-0.2	-226.0	15082.33
2025-07-24	0.0	0.0	15082.33
2025-07-25	0.2	174.0	15256.33
2025-07-29	0.0	0.0	15256.33
2025-07-30	0.0	0.0	15256.33
2025-07-31	0.0	0.0	15256.33
2025-08-01	0.0	0.0	15256.33
2025-08-05	0.0	0.0	15256.33
2025-08-06	0.0	0.0	15256.33
2025-08-07	0.0	0.0	15256.33
2025-08-08	0.0	0.0	15256.33
2025-08-12	0.2	174.0	15430.33
2025-08-13	0.0	0.0	15430.33
2025-08-14	0.0	0.0	15430.33
2025-08-15	0.2	174.0	15604.33
2025-08-19	0.0	0.0	15604.33
2025-08-20	0.0	0.0	15604.33
2025-08-21	0.0	0.0	15604.33
2025-08-22	0.0	0.0	15604.33
2025-08-26	0.0	0.0	15604.33
2025-08-27	0.0	0.0	15604.33
2025-08-28	0.0	0.0	15604.33
2025-08-29	0.0	0.0	15604.33
2025-09-02	0.2	174.0	15778.33
2025-09-03	0.2	174.0	15952.33
2025-09-04	0.2	174.0	16126.33
2025-09-05	0.2	174.0	16300.33
2025-09-09	0.118	92.33	16392.67
2025-09-10	0.2	174.0	16566.67
2025-09-11	0.2	174.0	16740.67
2025-09-12	0.2	174.0	16914.67
2025-09-16	0.0	0.0	16914.67
2025-09-17	0.0	0.0	16914.67
2025-09-18	0.0	0.0	16914.67
2025-09-19	0.0	0.0	16914.67
2025-09-23	0.0	0.0	16914.67
2025-09-24	0.067	40.67	16955.33
2025-09-25	0.2	174.0	17129.33
2025-09-26	0.2	174.0	17303.33
2025-09-30	0.0	0.0	17303.33
2025-10-01	-0.2	-226.0	17077.33
2025-10-02	0.0	0.0	17077.33
2025-10-03	-0.086	-111.83	16965.5
2025-10-07	0.0	0.0	16965.5
2025-10-08	0.2	174.0	17139.5
2025-10-09	0.2	174.0	17313.5
2025-10-10	0.2	174.0	17487.5
2025-10-14	0.2	174.0	17661.5
2025-10-15	0.2	174.0	17835.5
2025-10-16	0.2	174.0	18009.5
2025-10-17	0.2	174.0	18183.5
2025-10-21	0.0	0.0	18183.5
2025-10-22	0.0	0.0	18183.5
2025-10-23	0.0	0.0	18183.5
2025-10-24	0.0	0.0	18183.5
2025-10-28	0.0	0.0	18183.5
2025-10-29	0.0	0.0	18183.5
2025-10-30	0.0	0.0	18183.5
2025-10-31	0.0	0.0	18183.5
2025-11-04	0.0	0.0	18183.5
2025-11-05	0.0	0.0	18183.5
2025-11-06	0.0	0.0	18183.5
2025-11-07	-0.093	-119.33	18064.17
2025-11-11	0.0	0.0	18064.17
2025-11-12	0.17	144.0	18208.17
2025-11-13	0.2	174.0	18382.17
2025-11-14	0.2	174.0	18556.17
2025-11-18	0.0	0.0	18556.17
2025-11-19	0.0	0.0	18556.17
2025-11-20	0.018	-7.67	18548.5
2025-11-21	0.0	0.0	18548.5
2025-11-25	0.087	60.67	18609.17
2025-11-26	0.2	174.0	18783.17
2025-11-27	0.047	20.67	18803.83
2025-11-28	0.067	40.67	18844.5
2025-12-02	-0.157	-183.5	18661.0
2025-12-03	0.2	174.0	18835.0
2025-12-04	0.2	174.0	19009.0
2025-12-05	0.2	174.0	19183.0
2025-12-09	0.0	0.0	19183.0
2025-12-10	-0.151	-176.83	19006.17
